0
128
182
222
257
287
313
337
367
389
409
429
447
465
481
497
514
530
546
562
574
590
598
614
626
642
650
666
674
690
698
714
734
742
750
758
778
786
794
802
818
826
834
842
858
866
874
882
894
902
910
918
930
938
946
954
962
970
978
986
994
1002
1010
1018
1028
1036
1044
1052
1060
1068
1076
1084
1092
1100
1108
1116
1124
1132
1140
1148
1148
1156
1164
1172
1180
1188
1196
1204
1196
1204
1212
1220
1228
1236
1244
1252
1252
1260
1268
1276
1284
1292
1300
1308
1300
1308
1316
1324
1332
1340
1348
1356
1348
1356
1364
1372
1380
1388
1396
1404
1396
1404
1412
1420
1428
1436
1444
1452
1468
1468
1476
1476
1484
1484
1492
1492
1500
1500
1508
1508
1516
1516
1524
1524
1556
1556
1564
1564
1572
1572
1580
1580
1588
1588
1596
1596
1604
1604
1612
1612
1636
1636
1644
1644
1652
1652
1660
1660
1668
1668
1676
1676
1684
1684
1692
1692
1716
1716
1724
1724
1732
1732
1740
1740
1748
1748
1756
1756
1764
1764
1772
1772
1788
1788
1796
1796
1804
1804
1812
1812
1820
1820
1828
1828
1836
1836
1844
1844
1860
1860
1868
1868
1876
1876
1884
1884
1892
1892
1900
1900
1908
1908
1916
1916
1924
1924
1932
1932
1940
1940
1948
1948
1956
1956
1964
1964
1972
1972
1980
1980
1988
1988
1996
1996
2004
2004
2012
2012
2020
2020
2028
2028
2036
2036
2044
2044
