11100100001000111001
11111001110010000001
11111011101001000001
11010101101000110001
11111010001110100011
11110110001010000011
11111101011111001001
11111010111010101001
11110101011001000001
11100101010101000001
11111111011111010101
11000010100111110001
11111100010111101111
11110110001010000111
11111000101011010101
11110100001101000001
11100111110001100001
11010111011110000001
11110010111000011011
11111000100010101111
11110110011001000111
11101010101001011101
11100110001000011001
11110111100011011111
10111111111100100001
11010111101000100001
11111100011111110111
11100010000110010001
11110111001000110001
11011110110001011001
11100000110110101001
11100011110010111101
11100010101100010101
11011001100010000001
11110100110000110001
11110011101001001011
11101000001110000001
11110100100110001001
11101000001100000001
01110111001000000001
11101001011101000101
11110010111001010011
11110011101110000001
10000111000100000001
11000011110110100001
11110011110010100111
11111110101001101101
11100001101001000101
11111000110110111001
10001001101000000001
11110100101010010011
11111011110000000111
11010110001010000001
11011001110110010001
11111011111110001111
11101111010111011101
11111110001010001011
11100011101111000101
11110110010011110101
11010101111101000001
11110011011010100111
11111010010110010111
11110001111000101001
11110010010101011001
11110010101101110011
11100010011100011001
11011001101110010001
11111000010000000101
11110110001110101111
11110101010011011101
11100011110001111101
10110011110110000001
11011001001111010001
11101010010010100001
11110100011000010011
11110110111110011001
11100110111111011101
11110000001111011001
11100011101100010001
11110011100100011011
11111101101010101001
10110011001110100001
11111011111000010001
11111001101111001001
11100101100110110001
11110111001000100101
11110100010110111101
11100111001001000101
11100100000101011001
11100001111101111101
11100101101101011001
11011110101001101001
11000110000010110001
11001100110101100001
11011101111011010001
10101000001101000001
11111000010111000111
11011011111111110001
11100111110011010001
11111000100001101111
11111100001101011101
11010100101000001001
11100001101100100001
11110000011100111001
11000001111100100001
11110000010100110101
11111100101000100101
11100101011001110101
11101110000011011101
11100111010010001101
11111101110111100111
11101011010100111101
11111000011100111011
11110100111100000001
11011100111101000001
11110101111101011011
11110000111000010111
11111010000001110001
11111111000000010001
11110110110100101101
11010101011010100001
11111000100111000111
11101101101111010101
11100110011110001101
11110111010000110101
11110000110000011011
11110001000101000101
11110011101000110111
11101101000011100001
11001000101111000001
11110111110110011011
11110101101010000101
10111100111111000001
11110010001000100001
11111101100100100111
10100100110001000001
11111010111111000101
11101010001000110001
11001001101111000001
11110111011110011001
11001010001111100001
11101000000001010101
11111101101010000101
11111110100111111001
11011000010100101001
11110010111001110001
11000100010011110001
11111011001110100011
11010000101101001001
11100111101000011101
11100111010001101101
10011011001110000001
11100101111111101101
11110101010001011101
11010001111100010001
11110111000101000011
11100010111000110101
11011101010010001001
10011001010110000001
11110111110000110101
11111101100101100011
11100010010010110001
11111011110010100111
11100001110100001001
11110110010111111101
11111111111101010011
11110111011010011001
11000100100111000001
10110100101101100001
11011100100000000001
11110011101100111001
11010110001110011001
11011110011101001001
11010101100110000001
11010101001011011001
11111010000101001111
10110000111111100001
11110000111110110111
11110100100010111101
11001011001001000001
11111101010111110111
11111010100011000101
11100000000111001001
11010001010101011001
11110101110000011101
11111000011101010111
11110011010010111001
11111111110110100111
10110000010101100001
11101111000000110001
11010111001110010001
11100111000011110101
11110100001000110001
11110001111010000001
11110100100101100101
11100010010010110001
11001100101011100001
11100100111011111001
11111011011110011001
11000010100001110001
11010101111111000001
11101011100011000001
11100011000010110001
11100110011101011101
11110101010001001101
11110111010101100011
11100110110100100001
11111011011100000101
11101010110000100101
11111111001110110011
11111001010011111101
11110100110101010001
11010110001110001001
11111001001110110011
11100010100010011001
11011111000110001001
11110111001010101011
11101000000001101101
11111000000001010001
11111110010011101101
11011010110110100001
11100111110001110001
11101011101111111001
11111110101110000001
11110101001001001111
11111111000001000001
11011010011010001001
11101100001010110001
10110110001111000001
11100111111110111001
11111000011101010001
11111111011000101001
11110110101000011101
11111001010101101101
11111011101000010011
11000011101011110001
11111110001111010011
11111010100011100011
11011011011011001001
11011111001111001001
11110001010010100111
11100010101010101001
11111101011111011001
11011000011000000001
11010000000011111001
11111110100000000101
11100011011010111101
11000000100000010001
10111111001000100001
11110101011000101111
11110101001100100001
10111101110011100001
10110111100010000001
11111111101100010001
11110011010010011101
11010011110011100001
11110111110001110101
11001011011011100001
10010000011000000001
11111011101100010111
11111000011111110001
11010010110010000001
11100011111110110101
11100101001101111101
11111111010010011101
11011001011101001001
11110010000101101011
11110111001000110011
11110011000101111101
11000101001111100001
11110101100010101001
11101111000111100101
10110000011010000001
11111110001100101111
11101100110010000001
11100110110100010101
11111010001100010001
11110110000000000101
11010101010000101001
11101011011100101101
11110000010101111101
11110011001110100101
11111001011110101011
11111011111010100011
11110110001010100011
11010011010001011001
10011001101100000001
11000000000100010001
11110011001100111011
11111100100100100101
11010001010101111001
11101000001111110101
11110001111001001001
11110010000110111011
11110100010010010111
10110001010111000001
11110101001010100001
11111000000011111001
11100110000101110001
11111100001010111111
11000010010010010001
11101111110011111101
11101001111100000101
11110110110101000011
11110010001111000101
10110110111101100001
11101010011111001101
11101101000100111001
11110011100101111001
11111110101100110001
11011110101000110001
11010101111101000001
11110010110011101101
11100011100101011001
11110101101010110101
10111111110100100001
11001110010110000001
11101110000001100101
11111111001001010101
11101111100010111101
10100011110100000001
11011101110110000001
11000101101111110001
11011110111001100001
11101010111111001001
11101010001110100001
11111001101000000101
11101011010100101101
11001110001111010001
11100010110000010001
11010000001010001001
11110100101101101001
11100110010000001001
11110101010000111011
11010111101010000001
11110110011000010111
11110110011000010001
11010101111111111001
10000100010100000001
11111001100100100011
11101001011101111101
11111010000100011101
11110010011011100111
11101101100110110101
11111001001001100001
11110011111011001011
11111011110011001111
11100111010110011001
11110110010110000111
11111111001010000001
11111000110010011011
11111100010100111011
11110000111011001111
11110101001111101001
11010010110101110001
10111100001101100001
10001111101000000001
11011011100001101001
11111011001100110111
10000100100100000001
11010110011110011001
11010011000110010001
11100010101000000101
11101100101110110001
11010111100001010001
11111000000111010101
11100111111010111001
11111011011011000001
11000011100001110001
11111101010101000101
11111000100100011101
11100110101110010101
11100100101101111001
11101011110000100101
11110010011001000101
11111101001010001101
11111011010110011111
11000001010000010001
11001000010001000001
11110111101101000101
11111011111010011111
11110000100011110011
11100110101111111101
11111011100110001001
11110000010010000011
11111110001001110001
11101100101000110001
11110011111100101111
11111000110000101011
11110001000011011001
11110110011100111011
11110000111100111101
11111000111110110101
11111000111110001111
11000010010111100001
11001001100110010001
11100111001000101101
11111100110100111111
11110000001000111001
11011110011000001001
11110000011101000111
11110000000101100101
11101100001010000001
11011110100101000001
11101001111110011101
11111010100001011001
11110101001000101111
11111100011111101101
11111110101100100011
11110001111110001101
11101110011101001101
11000100110001100001
11110001010010111011
11110100110001011111
11011111000110000001
11010111111010100001
11100111111010100001
11110100011010100111
11111111010111101001
11111011101110111111
11101001000100110001
11111010101100111101
11111101100101101011
11111011100001100011
11111101100011100001
10110110010011000001
11011111111000001001
11111000010011010101
11101110000011001001
11110001101110010001
11111111010110111011
11110110001011000011
11100111101010011001
11110000110000110011
11111010111100100101
11111010001000010011
10101011110111000001
11111110001010110001
11101100011100010101
10100111101011000001
11110101101101001011
11111100001110100001
11111110111101101101
11001101111011000001
10111101101000000001
11011001100111001001
11011110011001100001
11110010101010011001
11110100011010001001
11100000001010011001
11100010000111001101
11110010100110010111
11111110111000110111
11011001111000110001
11111101001000001111
11010110101101100001
11111010101111011101
11101101000011000101
11110000010010011011
11101111000110000001
11111001101010000011
11000000101010010001
11111110001001000101
11110100101110000111
11110011101100111101
11111111110000010101
11111101101010100001
11111110101001101001
11111010011110011111
11111111110011011011
11001000110100100001
11100101110101011101
11100000111110111101
11010001000010001001
11001010101100100001
11011000111100001001
11100001100011101101
11100111100101001101
11111111100010101001
11111111000000001101
11110011101110101011
11111011001001011111
11100011110011001001
11010010001100111001
11111010101101001001
11110001100000011011
11111110011001111001
11111011010110100011
11111100000110111101
11110110101011000011
10001011010100000001
11011110011111110001
11111001011001000011
11110110011011101111
11110100110101100001
11110111010011110001
11101000001101111101
11111101010010110011
10100111100011000001
11010111110011001001
11101010011001011101
11100000110101000001
11100110100100010101
11011000010010011001
11100100000010101001
11111010100110111001
11001011001011010001
11111001011101100101
11110000110100100001
11111111001001010111
11010000110000010001
11001001101010110001
11111001000100011001
11110010111101111101
11111100010100010001
11001110101100110001
11010000101100011001
11110000011111101011
11000000101001110001
11110011011101001101
10011000100010000001
11111001001001011011
11100011111100000101
11111100111110000111
11110111000100011111
11111101010010101001
11100111011101111101
11101101111001101101
11111000010110011001
11101010010100100001
11111111110011001001
11110100011110100001
11010001000111011001
11110101100110111001
11101000100001100001
11111100111010111001
11010110011100011001
11110001110010111001
11110001101101001101
11111000110010110011
11011000111101010001
10111111101010100001
11110101000100010011
10111010011000100001
10110110100011000001
11100010010010101101
11100000111110101001
11011110100110001001
11111010000011101001
11111001110001111011
11110000111011001001
11111111110111110011
11111110110010100001
11101111110000011001
11110100111111101011
11100010110111000001
11110110010110100001
11101100011111010001
11110111011100000111
11101100001101111001
11111111110100000111
11011100110111100001
11100111001101011101
11100000000011111101
11110011000000011111
11111001011000101011
11111110011101100111
11110101001011100001
11110100110100001101
11111111111011101001
11111000111110000001
11101111110001110001
11110100011110001011
11111001100100001111
10000011000100000001
11110110100000011011
11100110100011010101
11100111111110100001
11011101110110100001
11111011111111001101
11011000010101110001
11101010010110010001
11100010000010010101
11010110001010110001
10110100100110000001
11010000101011110001
11111000111000110001
11010000110001011001
10111110010001000001
11101111110011101101
11110010111101110111
11111000000101110011
11111001101100001111
11100011000101111001
11111101101010000101
11111100111110100011
11111001010011001101
11101001001011110101
11100000001110000101
11110111000000111011
11111000011101110101
11101010011100100001
11111000000101110011
11011001010110101001
11111011000111010101
11100010011011010101
11111010011010000111
11110111011001110101
11110011101101111001
11011100101011001001
11111111101010111001
11001111100011000001
11100000001010111001
10010101101010000001
11111110000111000001
11011100100110100001
11111111010111001111
11001000110001110001
11110110011011001101
11100001000101101101
11111111101011010101
11111111001000110101
11110100100101001111
11101001010101010001
11110100011101001111
11111110111000101111
11111011100010101111
11110101111101101101
11101100000100111001
01101011000000000001
11111100001001101001
11111100111110110011
11110100011111011111
11110010001101110111
11111110100101010011
11000100010000000001
10001111011000000001
11111000100001101011
11100101010001110001
11101100110101111001
11010100111101011001
11010010111000011001
11111001101010101111
11100000011100111101
11111111010110101101
11111001001001110011
11100100100010000101
11110110001110011011
11010010110011001001
11111011101010111001
11101001001101010001
11111111011001100101
11110001110110110111
11110110111101111001
11110101001010111001
11111101100111111111
11111101001100101101
11100011101011010101
11110101000110010101
11100110101100111001
11110110100011111001
11111101011011100001
11101000010000011101
11101101100010000101
11110011001010001001
11100001011101001001
11100111011001010101
11110010010111001101
11111011000100111001
11100101100010110001
11110101100110110011
11110010011011100111
11111000000110011011
11010010001100001001
11101011111111011101
11010000001000000001
11110001010110011101
11101000111011010001
10111101101101100001
11000000110111100001
11100000101011101001
11101011011110111101
11100100010001100001
11000010110010110001
11111100001000000111
11111111011010111101
11010010110001101001
11111110111111111011
11111101000100000011
11111101100111100111
11111100101111101111
11110000011000101111
11111110101110000101
11110010001100100001
11111011010110100001
11101001100010000001
11100101010100011001
01101101100000000001
11101011011000110101
11111110111100110011
11111011111011010111
11111110011100001111
10011011101010000001
10111001010100000001
11101111111011100101
11110001100000010011
11110000001110111011
11001000110100100001
11110111011000101101
11111000111110000001
11010100111100011001
11101001011010101001
11011000100010011001
11110101011110011111
11110000111110011011
11100000100001111101
11111011011011111111
11110001111111011101
10001001000000000001
11110010101011110001
11110101111010010111
11110000001000001101
11111100110111010111
11010010110000011001
11110001100011000011
11010111101000100001
11100110001010000101
11010001110110011001
11111000101110011011
11011001001100100001
11110010000111000111
11110100001000101011
11000101000110000001
11110101110110101111
11111000010010100011
11111011001001001111
11011110010110101001
11100000000111100101
11111111111000011101
11110000110101010011
11111001100001000111
11111111110110001101
11110110100101101011
11011001000111000001
11110111110100011001
11000110001111110001
11111110001100110011
11011011110111010001
11101000011010000001
11110110000100010101
11110111111101100011
11100001101000011101
11111000100110100101
11100100111010111001
11010000001010101001
11111011011010100001
10110101111100100001
11010010101010100001
11110011011111110111
11111001101100010101
11111001010111000111
11110000101010000001
11111111000000111011
10001001010000000001
11111110010000110011
11001100100111000001
11010111111000011001
11010101101100010001
11111100111100101011
11110000000101001111
11111011111001110101
11100001100011101001
11010101010100001001
11110110001110001111
11110101111011111011
11110010100010101011
11111111110111110101
11111110000011101001
11110101111111111011
11101111100010101001
11110001101111110011
11000001100010110001
11110111011110101111
11100011001001111101
11101110111011010001
11111010110001110111
11010000110011011001
11110010110011000011
10010000001010000001
11111000000111110001
11101111011101000001
11110111110100111001
11111100011111001101
11011101000011100001
11101000110010010101
11110101011111001011
11010101101100100001
11001101000010110001
11101100101010101001
11100100111001011101
11101010001001101101
11010011001000011001
11110111100101011001
11001011100110000001
11110100100010011011
11110000001011100011
11110100111111001001
11111010110000101111
11110000110110011101
11101000111110000001
00111110000000000001
11111111101100010001
11111001011010000101
11011000100101100001
11110010000111101011
11111111101010001001
11000111111011000001
11111000011110001001
11100101101011001101
11001100111100110001
11111001000101110111
11000011011110100001
11110001011101000011
11101010001101010101
11100110011001000101
11010101100000010001
01101000010000000001
11110110111010001111
11111010110000111101
11110111110100101001
11101100110000010101
11001001110111110001
11000101011111100001
11110001100001110001
11110101001110011111
11111000111101000111
10110000110000100001
11101000101000110001
11111001010100110111
11011010111011011001
11110101001101001101
11110011010000100111
11101100011001101101
11110101001101010111
11101111010111100001
11100110000110000001
11111010111111110001
11101010010000101001
11101111100110100001
11011111111101010001
11111011100001010101
11111101100101011001
11101000101010011101
11110100111010100101
11001001100100110001
11101101100110001001
11111010101110111101
11111000100001101101
11110001001110111011
11111110000000101001
11101100011110001101
11110000111101101011
11110001011011010011
11100100001101111101
11011000101110000001
11110101111110100111
11101010011011100001
11010010001100111001
11100110110110111001
10111100001101000001
11110000110010001111
11111010101001100001
11101000011000000101
11011001000110001001
11110000100101000111
11111000100001010011
11101110110101001101
11111001100110000001
11100101100000010101
11010100101011000001
11001110111001110001
11111011110000100011
11110011011010100101
11110001111110000001
11111010011100001101
11110010110110110101
11100111000101101001
11000001110001100001
11010010010000001001
11110101001101101011
11111111110011111011
11100101100000011101
11110110000110110001
11110111101110100001
11111000110010001011
10001001111000000001
11111111101010101011
11111001000100101001
11110011000000110111
11000110010010100001
11110010000000010011
11111001101000011001
11101100001000010001
11111111111001100111
11101010100100000101
11111100010101100011
11100000010101011101
11111110110101110101
10110000011011000001
11111010011011011011
11110010011000101111
11100111010111101101
11110001110010000011
11111001111100001011
11110100100101111101
11110110110011011011
11100100100011001001
11011000111001110001
11111001001000011011
11111000110101001001
11011110100000110001
11110011100010110111
11010010100110011001
11110011110000100011
11110101010110100001
11111011111101101101
11101001010011110001
11001100000101000001
11110111101010000111
11000111100000100001
10110111011101000001
11101110100101110101
11110100001010000001
11110001111100110101
11000101001100000001
11110110111111110101
11101011010100010101
11110010101100110101
11100011010010001001
11111110100101100011
11111111011110000011
11111011011101110111
11111010010100010101
11100100011010000001
11010011010011111001
11100001010010101101
11100110110100101101
11111011100011100111
11110101110001111111
11101011111100110101
11110010010101110001
11111000111011111001
11111111001010110001
11100110111101000001
11110110110010000101
11100111100000110001
11111101110110000111
11010000010111010001
11111101000010000101
11001001100000000001
11001101010001100001
11110101101000000001
11100000101010010001
11101001001001001101
11111001001000010111
11110011110000111011
11101000010010000101
11101101110100001001
11011100110000110001
11101100101001101101
11100011100110111101
11111011110001111011
11101001100111000101
11100110001100101001
11110110001000111101
11100111011110111001
11010100110101110001
11110100110111001101
11011011010001011001
11101010101110111101
10100000100010000001
11110011111000001001
11110100110100111111
11110011101101100101
11101101101011100001
11110100001010101001
11111011110011101101
11111001111101110011
11111101101111110001
11111101110000000011
11110010100111011001
11110000100000010111
11110100010111010011
11110101011110111011
11110100110001001101
11011011001011000001
10101001010100000001
11110100100010001101
11111100100001110001
11110000001101110111
