0101000010001110
1100111001000000
1101110100100000
0010101101000110
1101000111010001
1011000101000001
1110101111100100
1101011101010100
1010101100100000
0101010101010000
1111101111101010
0001001010011111
1110001011110111
1011000101000011
1100010101101010
1010000110100000
0101111100011000
0010111011110000
1001011100001101
1100010001010111
1011001100100011
0110101010010111
0101100010000110
1011110001101111
0000111111111001
0010111101000100
1110001111111011
0100100001100100
1011100100011000
0011110110001011
0100001101101010
0100111100101111
0100101011000101
0011001100010000
1010011000011000
1001110100100101
0110000011100000
1010010011000100
0110000011000000
0000000010111001
0110010111010001
1001011100101001
1001110111000000
0000000101110001
0001001111011010
1001111001010011
1111010100110110
0100011010010001
1100011011011100
0000000110011010
1010010101001001
1101111000000011
0010110001010000
0011001110110010
1101111111000111
0111110101110111
1111000101000101
0100111011110001
1011001001111010
0010101111101000
1001101101010011
1101001011001011
1000111100010100
1001001010101100
1001010110111001
0100100111000110
0011001101110010
1100001000000010
1011000111010111
1010101001101110
0100111100011111
0000100111101100
0011001001111010
0110100100101000
1010001100001001
1011011111001100
0101101111110111
1000000111101100
0100111011000100
1001110010001101
1110110101010100
0000100110011101
1101111100001000
1100110111100100
0101011001101100
1011100100010010
1010001011011110
0101110010010001
0101000001010110
0100011111011111
0101011011010110
0011110101001101
0001011000001011
0001110011010110
0011101111011010
0000011000001101
1100001011100011
0011011111111110
0101111100110100
1100010000110111
1110000110101110
0010100101000001
0100011011001000
1000001110011100
0001000111110010
1000001010011010
1110010100010010
0101010110011101
0111100000110111
0101110100100011
1110111011110011
0110110101001111
1100001110011101
1010011110000000
0011100111101000
1010111110101101
1000011100001011
1101000000111000
1111100000001000
1011011010010110
0010101011010100
1100010011100011
0111011011110101
0101100111100011
1011101000011010
1000011000001101
1000100010100010
1001110100011011
0111010000111000
0001100010111100
1011111011001101
1010110101000010
0000111001111110
1001000100010000
1110110010010011
0000010100110001
1101011111100010
0110100010001100
0001100110111100
1011101111001100
0001101000111110
0110000000010101
1110110101000010
1111010011111100
0011000010100101
1001011100111000
0001010001001111
1101100111010001
0010000101101001
0101111010000111
0101110100011011
0000001101100111
0101011111111011
1010101000101110
0010001111100010
1011100010100001
0100101110001101
0011101010010001
0000001100101011
1011111000011010
1110110010110001
0100100100101100
1101111001010011
0100011101000010
1011001011111110
1111111110101001
1011101101001100
0001010010011100
0000101001011011
0011100100000000
1001110110011100
0010110001110011
0011110011101001
0010101100110000
0010101001011011
1101000010100111
0000100001111111
1000011111011011
1010010001011110
0001101100100100
1110101011111011
1101010001100010
0100000001110010
0010001010101011
1010111000001110
1100001110101011
1001101001011100
1111111011010011
0000100000101011
0111110000001100
0010111001110010
0101110000111101
1010000100011000
1000111101000000
1010010010110010
0100100100101100
0001110010101110
0101001110111110
1101101111001100
0001001010000111
0010101111111000
0110111000110000
0100110000101100
0101100111010111
1010101000100110
1011101010110001
0101101101001000
1101101110000010
0110101100001001
1111100111011001
1100101001111110
1010011010101000
0010110001110001
1100100111011001
0100101000100110
0011111000110001
1011100101010101
0110000000011011
1100000000101000
1111001001110110
0011010110110100
0101111100011100
0110111011111110
1111010111000000
1010100100100111
1111100000100000
0011010011010001
0111000010101100
0000101100011110
0101111111101110
1100001110101000
1111101100010100
1011010100001110
1100101010110110
1101110100001001
0001001110101111
1111000111101001
1101010001110001
0011011011011001
0011111001111001
1000101001010011
0100101010101010
1110101111101100
0011000011000000
0010000000011111
1111010000000010
0100110110101111
0001000010000001
0000111110010001
1010101100010111
1010100110010000
0000111011100111
0000101111000100
1111110110001000
1001101001001110
0010011110011100
1011111000111010
0001101101101110
0000001000001100
1101110110001011
1100001111111000
0010010110010000
0100111111101101
0101010011011111
1111101001001110
0011001011101001
1001000010110101
1011100100011001
1001100010111110
0001010100111110
1010110001010100
0111110001111001
0000100000110100
1111000110010111
0111001100100000
0101101101000101
1101000110001000
1011000000000010
0010101010000101
0110110111001011
1000001010111110
1001100111010010
1100101111010101
1101111101010001
1011000101010001
0010011010001011
0000001100110110
0001000000010001
1001100110011101
1110010010010010
0010001010101111
0110000011111101
1000111100100100
1001000011011101
1010001001001011
0000100010101110
1010100101010000
1100000001111100
0101100001011100
1110000101011111
0001001001001001
0111111100111111
0110011111000001
1011011010100001
1001000111100010
0000101101111011
0110100111110011
0111010001001110
1001110010111100
1111010110011000
0011110101000110
0010101111101000
1001011001110110
0100111001010110
1010110101011010
0000111111101001
0001111001011000
0111100000011001
1111100100101010
0111111000101111
0000010011110100
0011101110110000
0001010110111111
0011110111001100
0110101111110010
0110100011101000
1100110100000010
0110110101001011
0001111000111101
0100101100000100
0010000001010001
1010010110110100
0101100100000010
1010101000011101
0010111101010000
1011001100001011
1011001100001000
0010101111111111
0000000101000101
1100110010010001
0110010111011111
1101000010001110
1001001101110011
0111011001101101
1100100100110000
1001111101100101
1101111001100111
0101110101100110
1011001011000011
1111100101000000
1100011001001101
1110001010011101
1000011101100111
1010100111110100
0010010110101110
0000111000011011
0000000111111010
0011011100001101
1101100110011011
0000000101001001
0010110011110011
0010011000110010
0100101010000001
0111001011101100
0010111100001010
1100000011101010
0101111110101110
1101101101100000
0001001110000111
1110101010100010
1100010010001110
0101101011100101
0101001011011110
0110111100001001
1001001100100010
1110100101000110
1101101011001111
0001000101000001
0001100001000100
1011110110100010
1101111101001111
1000010001111001
0101101011111111
1101110011000100
1000001001000001
1111000100111000
0111001010001100
1001111110010111
1100011000010101
1000100001101100
1011001110011101
1000011110011110
1100011111011010
1100011111000111
0001001001011110
0001100110011001
0101110010001011
1110011010011111
1000000100011100
0011110011000001
1000001110100011
1000000010110010
0111000010100000
0011110100101000
0110011111100111
1101010000101100
1010100100010111
1110001111110110
1111010110010001
1000111111000110
0111100111010011
0001010011000110
1000101001011101
1010011000101111
0011111000110000
0010111111010100
0101111110101000
1010001101010011
1111101011110100
1101110111011111
0110010001001100
1101010110011110
1110110010110101
1101110000110001
1110110001110000
0000101100100110
0011111111000001
1100001001101010
0111100000110010
1000110111001000
1111101011011101
1011000101100001
0101111010100110
1000011000011001
1101011110010010
1101000100001001
0000011011110111
1111000101011000
0111000111000101
0000010111101011
1010110110100101
1110000111010000
1111011110110110
0001110111101100
0000111011010000
0011001100111001
0011110011001100
1001010101001100
1010001101000100
0100000010100110
0100100001110011
1001010011001011
1111011100011011
0011001111000110
1110100100000111
0010110101101100
1101010111101110
0111010000110001
1000001001001101
0111110001100000
1100110101000001
0001000010101001
1111000100100010
1010010111000011
1001110110011110
1111111000001010
1110110101010000
1111010100110100
1101001111001111
1111111001101101
0001100011010010
0101011101010111
0100001111101111
0010001000010001
0001101010110010
0011000111100001
0100011000111011
0101111001010011
1111110001010100
1111100000000110
1001110111010101
1101100100101111
0100111100110010
0010010001100111
1101010110100100
1000110000001101
1111001100111100
1101101011010001
1110000011011110
1011010101100001
0000000110110101
0011110011111110
1100101100100001
1011001101110111
1010011010110000
1011101001111000
0110000011011111
1110101001011001
0000010111100011
0010111110011001
0110100110010111
0100001101010000
0101101001000101
0011000010010011
0101000000101010
1101010011011100
0001101100101101
1100101110110010
1000011010010000
1111100100101011
0010000110000010
0001100110101011
1100100010001100
1001011110111110
1110001010001000
0001111010110011
0010000101100011
1000001111110101
0001000010100111
1001101110100110
0000001100010001
1100100100101101
0100111111000001
1110011111000011
1011100010001111
1110101001010100
0101110111011111
0111011110011011
1100001011001100
0110100101001000
1111111001100100
1010001111010000
0010001000111011
1010110011011100
0110001000011000
1110011101011100
0010110011100011
1000111001011100
1000110110100110
1100011001011001
0011000111101010
0000111111010101
1010100010001001
0000110100110001
0000101101000110
0100100100101011
0100001111101010
0011110100110001
1101000001110100
1100111000111101
1000011101100100
1111111011111001
1111011001010000
0111111100000110
1010011111110101
0100101101110000
1011001011010000
0111000111110100
1011101110000011
0111000011011110
1111111010000011
0011100110111100
0101110011010111
0100000000111111
1001100000001111
1100101100010101
1111001110110011
1010100101110000
1010011010000110
1111111101110100
1100011111000000
0111111100011100
1010001111000101
1100110010000111
0000000100110001
1011010000001101
0101101000110101
0101111111101000
0011101110110100
1101111111100110
0011000010101110
0110100101100100
0100100000100101
0010110001010110
0000101001001100
0010000101011110
1100011100011000
0010000110001011
0000111100100010
0111111100111011
1001011110111011
1100000010111001
1100110110000111
0100110001011110
1110110101000010
1110011111010001
1100101001100110
0110010010111101
0100000011100001
1011100000011101
1100001110111010
0110100111001000
1100000010111001
0011001010110101
1101100011101010
0100100110110101
1101001101000011
1011101100111010
1001110110111100
0011100101011001
1111110101011100
0001111110001100
0100000010101110
0000001010110101
1111000011100000
0011100100110100
1111101011100111
0001100011000111
1011001101100110
0100010001011011
1111110101101010
1111100100011010
1010010010100111
0110010101010100
1010001110100111
1111011100010111
1101110001010111
1010111110110110
0111000001001110
0000000001101100
1110000100110100
1110011111011001
1010001111101111
1001000110111011
1111010010101001
0001010001000000
0000000111110110
1100010000110101
0101010100011100
0111001101011110
0010100111101011
0010010111000011
1100110101010111
0100000111001111
1111101011010110
1100100100111001
0101001000100001
1011000111001101
0010010110011001
1101110101011100
0110010011010100
1111101100110010
1000111011011011
1011011110111100
1010100101011100
1110110011111111
1110100110010110
0100111010110101
1010100011001010
0101101011001110
1011010001111100
1110101101110000
0110000100000111
0111011000100001
1001100101000100
0100010111010010
0101110110010101
1001001011100110
1101100010011100
0101011000101100
1010110011011001
1001001101110011
1100000011001101
0010010001100001
0110111111110111
0010000001000000
1000101011001110
0110001110110100
0000111011011011
0001000011011110
0100001010111010
0110110111101111
0101000100011000
0001001011001011
1110000100000011
1111101101011110
0010010110001101
1111011111111101
1110100010000001
1110110011110011
1110010111110111
1000001100010111
1111010111000010
1001000110010000
1101101011010000
0110011000100000
0101010101000110
0000000001110110
0110110110001101
1111011110011001
1101111101101011
1111001110000111
0000001101110101
0000110010101000
0111111110111001
1000110000001001
1000000111011101
0001100011010010
1011101100010110
1100011111000000
0010100111100011
0110010110101010
0011000100010011
1010101111001111
1000011111001101
0100001000011111
1101101101111111
1000111111101110
0000000110010000
1001010101111000
1010111101001011
1000000100000110
1110011011101011
0010010110000011
1000110001100001
0010111101000100
0101100010100001
0010001110110011
1100010111001101
0011001001100100
1001000011100011
1010000100010101
0001010100011000
1010111011010111
1100001001010001
1101100100100111
0011110010110101
0100000001111001
1111111100001110
1000011010101001
1100110000100011
1111111011000110
1011010010110101
0011001000111000
1011111010001100
0001011000111111
1111000110011001
0011011110111010
0110000110100000
1011000010001010
1011111110110001
0100011010000111
1100010011010010
0101001110101110
0010000001010101
1101101101010000
0000101011111001
0010010101010100
1001101111111011
1100110110001010
1100101011100011
1000010101000000
1111100000011101
0000000110010100
1111001000011001
0001110010011100
0010111111000011
0010101101100010
1110011110010101
1000000010100111
1101111100111010
0100011000111010
0010101010100001
1011000111000111
1010111101111101
1001010001010101
1111111011111010
1111000001110100
1010111111111101
0111111000101010
1000110111111001
0001000110001011
1011101111010111
0100110010011111
0111101110110100
1101011000111011
0010000110011011
1001011001100001
0000001000000101
1100000011111000
0111110111010000
1011111010011100
1110001111100110
0011101000011100
0110001100100101
1010101111100101
0010101101100100
0001110100001011
0111001010101010
0101001110010111
0110100010011011
0010011001000011
1011110010101100
0001101110011000
1010010001001101
1000000101110001
1010011111100100
1101011000010111
1000011011001110
0110001111100000
0000000000001111
1111110110001000
1100101101000010
0011000100101100
1001000011110101
1111110101000100
0001011111101100
1100001111000100
0101011010110011
0001110011110011
1100100010111011
0001001101111010
1000101110100001
0110100011010101
0101100110010001
0010101100000010
0000000001100001
1011011101000111
1101011000011110
1011111010010100
0111001100000101
0001100111011111
0001010101111110
1000110000111000
1010100111001111
1100011110100011
0000100001100001
0110001010001100
1100101010011011
0011010111011011
1010100110100110
1001101000010011
0111000110011011
1010100110101011
0111110101111000
0101100001100000
1101011111111000
0110100100001010
0111111001101000
0011111111101010
1101110000101010
1110110010101100
0110001010100111
1010011101010010
0001100110010011
0111011001100010
1101010111011110
1100010000110110
1000100111011101
1111000000010100
0111000111100011
1000011110110101
1000101101101001
0101000011011111
0011000101110000
1010111111010011
0110100110111000
0010010001100111
0101101101101110
0000111000011010
1000011001000111
1101010100110000
0110000110000001
0011001000110001
1000010010100011
1100010000101001
0111101101010011
1100110011000000
0101011000000101
0010100101011000
0001111011100111
1101111000010001
1001101101010010
1000111111000000
1101001110000110
1001011011011010
0101110001011010
0001000111000110
0010010010000001
1010100110110101
1111111001111101
0101011000000111
1011000011011000
1011110111010000
1100011001000101
0000000110011110
1111110101010101
1100100010010100
1001100000011011
0001011001001010
1001000000001001
1100110100001100
0111000010000100
1111111100110011
0110101001000001
1110001010110001
0100000101010111
1111011010111010
0000100000110110
1101001101101101
1001001100010111
0101110101111011
1000111001000001
1100111110000101
1010010010111110
1011011001101101
0101001000110010
0011000111001110
1100100100001101
1100011010100100
0011110100000110
1001110001011011
0010010100110011
1001111000010001
1010101011010000
1101111110110110
0110010100111100
0001110000010100
1011110101000011
0001011110000010
0000101110111010
0111101001011101
1010000101000000
1000111110011010
0001010100110000
1011011111111010
0110110101000101
1001010110011010
0100110100100010
1111010010110001
1111101111000001
1101101110111011
1101001010001010
0101000110100000
0010011010011111
0100010100101011
0101101101001011
1101110001110011
1010111000111111
0110111111001101
1001001010111000
1100011101111100
1111100101011000
0101101111010000
1011011001000010
0101111000001100
1110111011000011
0010000010111010
1110100001000010
0001100110000000
0001110101000110
1010110100000000
0100001010100100
0110010010010011
1100100100001011
1001111000011101
0110000100100001
0111011101000010
0011100110000110
0111001010011011
0100111001101111
1101111000111101
0110011001110001
0101100011001010
1011000100011110
0101110111101110
0010100110101110
1010011011100110
0011011010001011
0110101011101111
0000010000100010
1001111100000100
1010011010011111
1001110110110010
0111011010111000
1010000101010100
1101111001110110
1100111110111001
1110110111111000
1110111000000001
1001010011101100
1000010000001011
1010001011101001
1010101111011101
1010011000100110
0011011001011000
0000011001010100
1010010001000110
1110010000111000
1000000110111011
