0100001010100100
0000000000000000
1111111001001010
0111011011000101
1100010000001001
0010111100110111
1001001111000001
0110111011000111
1011111010100100
0100110100010110
1001000101010001
1000101010011011
1100010010101010
1010000000100010
0001101011011010
0010000010000001
0011100111001000
1111110101000011
0000110101100011
1110000111100101
1000000101101000
1010111010001001
0001000111001100
1100010111000011
1011011011011100
0110111101010100
1100010010010110
1001011010101111
0000110001101010
0001011100000100
1001101101101010
0010000110110000
0100100000110011
0000011000001100
1001100010011001
0000110010000011
1000100010011101
1100101010111111
0101100111011111
1011001000001110
1101010000101001
1110101111011000
1001100011111011
0011001100000101
1001110000111100
0100100010100000
0100000101111110
0011011001111011
1110011000010001
1110100000110000
0011111110010010
0111011110110001
1110010111100111
0010001100011110
1111100111011101
1000111110110111
1001100001010110
0101010111011101
0101011100000000
0010100100011001
0100011100111010
1100111100101101
0010010010101000
0111010110110110
1001010111100001
0110110101111111
0010001001010111
1100110001100011
1000010011111100
1100110001110110
0111001000001101
0010011011110010
1001100000010001
0011100000100011
0101001000100001
0011101100011111
0001111110000100
1011100011001101
1100100001000010
1001100011011001
0000000100011100
1000101111110111
0110000100000110
1011000011110100
0000011111001111
0000011111001111
0101011000011111
0001000101101100
1100000101010111
1110110000110101
1010110000111011
0010101110011100
1001100000101111
0011100110001000
1000010010110010
1110111110011110
1101011100000111
1100100111001000
1001101000000011
1011101110000111
0101111110101011
0110101101011000
0100111010101011
1111110010101110
0011010100100111
1111100101010000
0011101011111001
0111000111110100
0100100010011010
0001110010011000
0101011111101101
0101111111011110
1001011010011011
1101001011000001
1010100000101100
0001011110111100
0111010001000010
1110110011010111
1101001000000000
0000100101011000
1000110100111010
1100100110101010
1011011011001010
0000000110110101
0001101100111110
1111011100000110
1111010001010101
0011110011010101
0110001000001110
0100111000100110
0101011010001101
0001001011110110
0010001100100110
0101100010111010
0010111011001111
0110101111000110
0111001010010010
1001000101100000
1010111001111110
1110000001001000
1100111101000100
0111111011110101
0110100010111110
0000101011100100
0011001011000110
0110001100010100
1111000001011000
0011000011101111
1101000100010010
0110000101111000
0001000111000011
1101100011001111
0010000101010010
1100100011111110
1011000100110111
1000110111010010
0010101001011011
0001010000011001
1100101011000010
0110100001001111
1001101001011000
1111011101100101
0111011101111011
0000010101101000
0110001000101110
0011101001111100
0011011100000111
0001010110110011
1100011000011100
0100010000011101
0001100100001100
0001101000000111
0001010111111010
1010111001110111
0000010111001100
1011110111110101
0110110101001100
1001011010000011
1010010100111010
0011111111010011
0000101001001000
1000000001100011
0111100110001010
1111001101111110
1011111100101000
0010100100111001
1101111010110111
0101001001000000
1010000001001010
1100000000011111
1100001001111111
0100010110101101
0110001010011001
1110101010000101
0100110011001000
0101100000111111
1110100101001001
0111101010111011
0111010011000000
0100001001110010
0010001110110110
1100000010000100
1111100111101010
1010000101100110
0010000100000011
0001011111001010
0001011000110100
0000100111011010
1111111001010011
1110111101101110
1110010110010111
1010110011111001
1110011001001111
1011000101000110
1011111011010111
0101001101001001
0011001001010011
0111000101101011
0111000000100101
1001100100000010
1110111011110001
1100000010000111
1000111110000000
1001100010000000
0010000001110101
1110000100101010
0110101000101011
1001011001101001
0001001100000110
0101011100111110
0100100001100110
0001011111100010
1011011100011100
1010011010100110
0111100100100101
0101010001110001
0110100000001100
0001110001010100
0000000101110100
0010001011001101
0111110010000010
1000111000010011
1110011010110000
1000011110001110
1010101101111101
1011100011100101
1101010111010010
0000100100110100
1110101100000111
1110111100110001
1001001000101110
0010011000001111
0111001100001001
0110111001011111
0001000101001000
1100100000101010
1101111111110101
0011011000111001
0010101010110110
1101001100111001
0110100100110011
0110100000010011
0100111100000000
0001111110010101
1011000011000000
1110100011000100
1111001001001111
0011010101001010
0011101011100010
1011111110111001
1010011111100010
0010010000111000
0011000010111111
0001010000000001
1111010111011011
0110111001110100
0110100001010100
0000010100000100
0011111111101110
0000110110101111
1010000100001001
0010101010100101
0101101001111110
0100101011101010
0110110011011101
0111101110110110
0010000100111111
1001010011100010
1111101000101001
0100011000110101
0111111000010001
0101111001010101
0110010110010000
0110111111011111
1010100101100100
1010010100110011
1111111111000011
0011101101010111
1000011111010111
1100001001001111
1100110001111011
0100011101101010
1100100001101001
1010110100011010
1101000100101011
1100110000010101
0001101100100100
1100100101101001
0001011000100011
0010010011111010
1011001110110011
1000011011101001
0011101111001110
0110001000001100
0010100111010111
1101100110001000
1011010101001101
0110010011101110
0000000010101010
1011101010011001
1100010000001111
1011110010101011
0010110110110001
1000100011110111
1111111110000000
1100010101011101
1110011101111101
1111000011000100
0010011011010010
0101101101010101
0001011010111110
1101100110110011
1001100010100010
1101010111001010
0110101111110001
1000100011110111
0101000001110101
1111000010010000
0011101111110011
1101100101110100
1111001000010111
0100100000110000
1111101101001011
0001111101001011
1001001001011001
1001111000101010
0001011110010010
0000111110100010
0101111011111001
1010001010011001
1000101011101110
0000011011111110
1010101100101101
0100111101101011
0101111000111110
0001001101100001
1101101111101001
1010110111110100
0101011101011001
0001111111000000
1111110111000010
0111011111110000
0011100110001101
1101000100010001
1101111000110101
1101111110001111
1101111101111010
0010101100110101
0111010000111001
1010111011100110
0001101101010110
1111111110010011
1000111110010110
1111010010000000
1101111101100100
0011100101011100
0000001001000100
0111011101110111
0011100111110010
0000001011000010
0111011011100010
1100100100000001
1101101100111100
1110010010010001
1100101010101100
1110001001000110
0000100110101001
0001000100011100
0001000101000001
0111001010100011
0001111001010000
1010000111100111
0100000010000110
0001011101101010
1101100101111010
1000100100111000
1110010000101000
0101110110001000
1000000100100001
1110000110100111
0001101101111011
0100001011010110
0100111000001011
1101110000111000
1111110100010101
0101010101001101
1101100011000100
1101100100100110
1010010100010011
1100011101010100
1001011111110111
0011100011100101
1010000110101010
0101010011111000
1101000100010011
1100101010100000
1101101110001000
0001101111010100
0010010001110000
0110111101110100
0100000110100001
1110001100011000
0110100010011111
1011110100101000
1100111110100010
1010000010100101
1101100011111101
1011100011010110
1111001110101100
1000111100000011
1100111010101110
0101011010000100
1101001011011001
0000111001110101
1100000010010000
0100000101010110
0100010001001101
1010010010100111
1100111001110101
1000000000101010
0101000000010101
1111110100110111
1001100100111101
1110010011011110
0110111000000001
1011001001000001
1100011001111000
0100101110000000
0010100000110011
1101101011111000
1100001100110001
1011011101100100
1011100101101111
1001000000101111
0100010101010111
0100111001100010
0111111000100100
1100001110101111
0101101111000101
1010011000010111
1101110100100110
0110111010100000
0100011110000000
1100101110101100
0100000110011010
1111010010011111
0100011101000000
1001011110111111
1101101101110100
0110100000110000
1000110011111011
1100001100010011
1001010100011010
1000101001010010
0010100010011100
1100001010100101
1101001100011010
1110010101011100
1000001100101100
0000010010110000
1010110111001001
0100000100000100
0101010110011110
0011111010010101
1100100000000100
1000100010101000
1000001100001110
1111101010001011
1011100010111000
1001111100000100
0000100011011101
1101100000101100
0101100110000001
1100101000110001
0001101100001001
0001001001010110
1110011110010101
1010101100010011
0100100111000110
0000000101000000
1001111110110110
1110001101011100
0011011010100011
0000001100010100
0100000010001010
0100001101000011
0011101011010000
1101011000001111
0010011111010100
0011000100000000
0101100100100101
1110001100110011
0101001000010110
1011011101001101
0001110000001011
0010000100010010
1110101000001111
1001101110011111
0100101000111111
1001101011110010
1111100100001000
0011000010111100
0001010010111000
1001011100000001
0000000111001000
0000001000010001
0001110011111001
1110100001010010
1010110101000110
0011100101001000
1011000011000100
0101110001011101
0101100001110011
1110111010101001
1001111010110100
1011101101101101
1000011110110001
1000110001100101
1100011100100000
1010101011010100
1111101001110001
1101010011000011
0111010010100001
0001011001011011
0011000100101110
0010111001011011
1000100010010001
0101111111101000
1011001000101101
1011000001011000
1110000101001011
0100010100001001
0101011110001111
0011101100111101
1010000010100110
1111011011010001
1011000111100100
1001101101111011
1111110011110100
1101011110101011
0110001101001001
0001101001101010
0010110000001001
1101011011010000
1101010010100101
1100000101000100
0011111100001100
0111110110000100
1100000000101110
0101100010011111
0000100100010010
1100100101000100
0000101101110011
1100101000010011
1011000000011100
0100001000010101
1000010011010101
1010000011100000
0010100000010011
0001110111111010
0000111011011010
0101011111111101
1010111100110100
0010101010110110
0101100101001111
1011111001011101
1111011111001011
1110100001111010
0000010001110011
0111111010001110
1001101010101000
1011000101110000
0010100111001000
1000010111100000
0000110111010000
1010111100000110
0111110000000001
1101001100001111
1111011111100101
0101111110100111
0000010000111101
1001011100010101
0010110111101000
0001110100010111
0010101100011100
1010011011111010
1110000010011110
0001111100100111
1111100100010001
1010110101010111
0100100110101000
1111101010010111
0111000100110001
1111011010011010
0000111110111000
0011001110110111
1110100101100110
1001111000110001
1100010101000111
1000111011010001
1011010001001001
0101001001100011
1000000010110111
0101010011101011
0100010010111010
1010001100111011
1100110111011010
0100011111100011
0000000001000100
0101000001010101
1101101011110011
0010101010001100
1111110011111010
1000111010010011
0000111001111010
1010010001011101
1001111111000111
1110000100011010
1101110100100001
0100000111001111
0010111010010110
0001111100100111
1101011001011001
1001010111110011
1011100111100100
0100100100111101
1011010101111111
1010110110111000
1010010111001001
0010100001100110
1110101011100111
1111001110101101
1010000010110001
1000100001110101
0011011110100101
1100100111111010
0111101110111100
0001100010000101
1111110001100011
1111001001100011
0101100011001100
0010110000101100
1100101100010011
1011010111110100
1001010100111101
0101011111001000
0110111111100100
1001101110110001
0011100010000111
1010101011010010
0111000101110011
0010111110100110
1001001000100010
1110110000111001
0001110000011100
0101010010110111
0110100011011111
0101100100110000
0001001110001100
1110110010110110
0010101111011101
1101010100010001
1111100000001100
1001001010010100
1011010011110000
0010101010001111
1110010110101001
0101000111000100
0110000001100010
0111010111110111
1010000111101111
1010000100111001
0101100100011010
1101011010100010
0000110111000010
0110111100111101
0001001010011011
1100011111001010
0001111101111110
1011101100010111
1111110101011000
0000111011010000
1111001101011000
1100001100001110
1110110000101100
1011100110101110
0001100110000000
0100111100111011
1011001000100110
0100011100011111
0011000011111100
0000001011010001
1110000111111010
1100010000100111
0000101010111110
1110000010101010
0001111101101110
0000110111100111
1111101011000000
1110100001100010
1001011110000001
1000000001001010
1001101111111111
0100111000100001
0101100101110100
1100111101110111
1110101101101010
0011011010111000
0001011111101001
0111000011000100
1111110011001010
0110100110000010
0101101001000001
1110101100010111
1100100100001111
1001110111111101
0001110011101111
1100001101101000
0000011001011000
0000010011000001
1000010110110011
1100110010101011
1001010010010100
1001110011111011
1000010110000001
1000110100111101
1001110000000001
1001010111111111
1110010010100100
0010101011101101
1100100011111000
1100011010000010
1001001000101000
0001011000011010
0100101101011111
1111101101100111
1001100001101010
1010011110101111
1000001111010111
1011110001100100
1000010101110000
0011100011111100
0000011011010001
0011010000100100
0101001100110101
1111001001000100
0000001110100001
0001011010100111
1001110110000000
0010010000111011
1000000001001110
0001111110110110
1010011100001100
1010100000001011
1011111000011010
1011111010011001
0001001101100001
0001101001001100
0100001010110111
0011001011000011
0110011011011101
1001010110001000
1000100111111111
1010011011100101
1001000000101000
0111101110010011
0010101100000111
0001100001110101
0111011110000111
1101010110010010
1000001010111111
0111010110101001
0001011001000001
1101001101001011
1001110101010011
1000110110101010
0010000000101000
0110101010011101
1111001011000010
1100110011100110
1010011101011101
0111111010001111
1110110101110110
1010100010100000
1110100000011001
0011001110010101
0111111001011011
0111110001010100
0100110000110000
1010010010011100
1111010111000011
0010100101101011
1111101000100011
1110100001010011
1010110001110001
0101011101011011
1010111100000111
1110000010101010
1001110000000001
1010011011111101
0101010100100111
0101100111110111
1010110011110000
1000111010101110
0011011111111011
0001110010001010
1111000111000111
0001111011000101
0100000110100011
0011101011100011
1000110010000110
0000001111111110
1001110101000111
1001100100010000
1100100000101001
0010110001010011
0110111101111100
0110000000001100
1110010001101101
1110110100100101
0111111110001011
1101001111010000
1000110001001101
1010111100011001
0101001010111100
0001000010111110
0011000101001100
1011100001110010
1001001000101110
1010011110001001
1000001111100111
0000011100111111
1010111100110110
0111010010011100
0000010111011000
0110101110000110
1011110011101000
0000010011010001
0111010111001010
0101001111010110
1011010001110010
0001010110000011
0110110011101100
0001101001010111
1000101010100001
0010010001000110
1110011100010001
1100011000011001
1110011110010100
0011001111010110
0010010011111100
0111010110111011
1011011111011010
0000011010011000
0100001110101000
0111100000001100
0110000110110001
0000010010000100
1110110001001011
0110001001000001
0010101000001111
0110001101000011
1111111000000011
0110011001110100
1011010010110110
0100101000101001
0010000001000101
1011110101111010
0011000010010110
1010000010001010
1000111001110111
0110111001101101
1100000011010010
1001010110110111
0101101101101000
1000010010110001
1010111100110100
0011111000000001
1111110101000001
1010110000100100
0100111011011111
1011001100110000
0111001101010010
1010010110010100
0100101101001111
1111011111011111
1101101010111111
1000000011110001
0001111100111101
0011110001000000
1111010111111011
1111100010011101
1100100010011001
0101001011001111
1100001110000100
0101001011000110
1110100000101110
0001011000001111
1111001011101110
0111111100011100
1001111011111100
0110100110100011
0100001010010110
0101110001000000
0110011011111011
1000111110001011
0001101111011101
1010101011011101
0011110110100110
0000000110000011
1101000110111111
1110011110110100
1011001000011011
1100111100100111
1000101000001101
0000001100000100
0111000010000111
0000011110101100
0100110000110100
1110111101000101
0011011111110101
1101010111000010
1000110011101111
0111100101010100
1011001101010011
0111001110100001
0001000100100111
0110101100010001
1110011001000100
1100101001111111
0110100000110010
1011010011010111
1011110000110101
1011100101111110
0000000010000000
1010110001000100
0101101010111101
1101010011010100
0001101101110110
1101011111110101
0110101110101101
0010101101010100
1011000011010111
1101010111100100
0001101001111100
0100111010011100
0110100110010000
1101101111000001
1010010100011011
1011101000111101
0001000101010101
1010010101010001
1101100100011101
1010000000111000
1100110110101100
1100001011100011
0000110000111100
0000100000110110
0110011000101001
1011000011000011
1110101100010101
1111000110101011
1011000101100110
1000011001000000
1111100001001000
0100110111111111
0001011100111110
0001010110110100
1100111000111101
1011111110011010
1011010011010101
0001001011010100
0001011001111101
0111011000001001
1011001001010001
1101011111101111
0111100111101000
1000001111110001
0100010001011000
0011111010111100
