00000000000000000000000000000011001001101000110
00000000000000000011011101000111100000000000000
00000000000000000000011110011010111110000000000
00000000000000000000000101100011010010100000000
00000000000000000000100011000001101100000000000
00000000010011011010101010000000000000000000000
00000000000000000000000100011010111001100000000
00000000000000111100100001010000000000000000000
00000000000000000000011111001101010000000000000
00000000011011010111111100000000000000000000000
00011110010100011100000000000000000000000000000
00000000000100100110100010100000000000000000000
00000000000000011111110111110010000000000000000
00000000000000000000000000001101101001111010000
00000000000000100001110100011100000000000000000
10111000000011000000000000000000000000000000000
00000000000011010110011101100000000000000000000
00000000000000101110100010110000000000000000000
00000000000000000000001001111110010110000000000
00000000000000000000000111001111011001100000000
00000011111001000100110000000000000000000000000
00000000000000000000000011111001011010110000000
00000000111100010010111100000000000000000000000
00000000000000000100110001000000000000000000000
00000000000000111000001111101000000000000000000
00000000000000000000000000000001011111001111010
00110000000000110000000000000000000000000000000
00000000000000000000100011111100000000000000000
00000000011010001000010010000000000000000000000
00000000000000000000000011100011011001110000000
00011011100011011010000000000000000000000000000
00000000000000000111010011000111100000000000000
00000000000000000000000000000001111000000000101
00000000000000000000000000000100000010011101000
01101101010101011000000000000000000000000000000
00000000000000000000000000001111010010100101000
00000000000000000000000001101101101011111000000
00000011100100110100110000000000000000000000000
00000000000000000010000110010110110000000000000
00000010110100100000000000000000000000000000000
00000010010010111010110000000000000000000000000
00000000100111000000011100000000000000000000000
00101001111000010100000000000000000000000000000
00000000000000000000000000000001101100111110000
00000000000001011110111100000000000000000000000
00000000000000000000000000001110011111011010000
00000000000000000000000000111010101011010100000
00000000000000000000000000001100111011110011000
00000000001000110111000000000000000000000000000
00000000000011111001010010110000000000000000000
00000000000000000111001111011000100000000000000
00000000000000000000000010000110100011110000000
00000000000000001110101111110101000000000000000
00000000000000000000111011001000110100000000000
00000000000000000000001100101110101010000000000
00001111111001010000000000000000000000000000000
00000000000000000000000000000010100111000101110
00000000000000000000000010111000000111010000000
00000000000000100110010101111100000000000000000
00000000000000000001100001000011000000000000000
00000000000000001001010000101010000000000000000
00000010000000001010110000000000000000000000000
00000000000000000000100001111010011000000000000
00000000000010000110011101100000000000000000000
00000000010001001110100100000000000000000000000
00000000001100111101001101000000000000000000000
00001110011001000111000000000000000000000000000
10100100111000000000000000000000000000000000000
00000000000000000000000100000000111010000000000
00000000000001110111001000101000000000000000000
00000000000000000000000000000001000110100011101
00000000000000010110011001110110000000000000000
00000000000000000011000101010000110000000000000
00000100001101001110100000000000000000000000000
00000000000000000000000000111101011100001100000
00000000000000000000001011000010101000000000000
00000000000000000000000000010111110011011110000
00011010010100011000000000000000000000000000000
00000000000010100110111000010000000000000000000
01010001001010110000000000000000000000000000000
00000000000000000000000000100011011011110100000
00000000101001111010111000000000000000000000000
00000011011111011110000000000000000000000000000
00000000110001011011101100000000000000000000000
00000000000000000000000011000010111010100000000
00000000000000000001001101011010011000000000000
00000000000011101001011001100000000000000000000
00000000000000000011011101111111010000000000000
00000000000000000000000000000001101111111001011
00000000000000000001101001000111001000000000000
00000000000000000000101000100011000000000000000
11011111001101110000000000000000000000000000000
00101100001100110100000000000000000000000000000
00000000000000000000000000001110110100000110000
00000000000000000000001100111101100101000000000
00000000000000000000001010011101100010000000000
00000001101000010100101000000000000000000000000
00111110001000011000000000000000000000000000000
00000000000000000000000100010100110000100000000
00000000000000000000000101111000010110000000000
00000000000000111111101111111100000000000000000
00000000000000000000000000000110010001010010100
01100010101110000000000000000000000000000000000
00000000000000001111101101110110000000000000000
00000000000000000000000000110001001000101000000
00000000000000001010100110111100000000000000000
00000000000000000010110111110011100000000000000
00000000000000000000110101011010101000000000000
00000000000000000000001101100010001111000000000
00000000000000000000000001011111001100101000000
00000000000000000000001010011001001110000000000
00000000000110101100011010000000000000000000000
00000000000000000000000000000100001110001000000
01101000101011000000000000000000000000000000000
00000000000111100011000111000000000000000000000
00000000000000000000001001010100100000000000000
00000000000000000000011110101000101100000000000
00111111010011110000000000000000000000000000000
00000000000000011000100010111100000000000000000
00000000000000000000000000000001111111101111111
00000000000000000000101100101100000000000000000
00000001001101001111001000000000000000000000000
00000000000000111011011111101000000000000000000
00000000000000000000000011100101000110000000000
00000000000000001001110011001101000000000000000
00000000000000000000000000010000101000110000000
00000000000000001010111110100001000000000000000
00000101100000011110000000000000000000000000000
00000000000000000000010101100110000100000000000
00000000000000000000000001100111001011001000000
00000000000010010011000010010000000000000000000
00000000100000011110100000000000000000000000000
00000000000000001000001100100101000000000000000
00000000000000000000000000000010101000000010010
00000000000000000000000000000101100010011100100
01100111101000111000000000000000000000000000000
00000000000000000000000000000011011011110001010
00000000000000000000011111101001001000000000000
00000000000000000000000000111011111101101000000
00000000000000000000000000000001000011110100111
00000000000000000000000000001001010000101000000
00000000000000000000000000000110010011110100100
00000011101100011110110000000000000000000000000
00000000000000010001000111001000000000000000000
00000000011100111001110100000000000000000000000
00000000000000000000000000100101010011101000000
10101001101111000000000000000000000000000000000
00000000000000000000011000001000100110000000000
00000000000000000000000111001001010001100000000
00000000001111110000111011000000000000000000000
00000000000011100011110000110000000000000000000
00101111000101010000000000000000000000000000000
00110010111100010000000000000000000000000000000
00000000000111100001011110000000000000000000000
00000000000000000000000000001000111011010110000
00000000001100101001000101000000000000000000000
00000000000000101000001101110100000000000000000
00000000111110001010100000000000000000000000000
00000000000000000000011101010010011100000000000
00000000110010101100110100000000000000000000000
00000000000000000000010111101110100110000000000
00000000000000000000000100001010010000100000000
00000000101111100100011100000000000000000000000
00000000000000000000000000011001000010100110000
01110011110011100000000000000000000000000000000
00000000001100010000101001000000000000000000000
00000000000000000000000011011111110010000000000
00000000000000101001101010000100000000000000000
00000000000000000000000000010011100001010100000
00000000000000000001101011000011010000000000000
00000000000000000000000100001111111100000000000
01110110111011100000000000000000000000000000000
00000000000000011001100010100100000000000000000
00000000011110000101010010000000000000000000000
00101110101100010100000000000000000000000000000
00000000000000001110101100100010000000000000000
00000000000010011010011110110000000000000000000
00000000000000000000000010011011001110010000000
00000000100101001101111000000000000000000000000
10111110010010000000000000000000000000000000000
00000000110111101110100100000000000000000000000
00001100100110001101000000000000000000000000000
00000000000000001011000001101111000000000000000
00000000000110111100010001000000000000000000000
00000000000000000000000011110011010111110000000
00000000000101110111001011000000000000000000000
00000000001110011100001110000000000000000000000
00000000000101101100000101100000000000000000000
00000000000000000000000000000001111110000010111
00000000000001011011100010110000000000000000000
00000000000000001100111100110111000000000000000
00000000000000000110101111001000100000000000000
00000000000000000111011100101100100000000000000
00000000000000000000000000000011011110100000110
00000000000000000000001101001010010011000000000
01110101011110001000000000000000000000000000000
00000000000000000001000001110111111000000000000
00000001001100100111000000000000000000000000000
01000100001001001000000000000000000000000000000
10001101001110110000000000000000000000000000000
00000000001011101101100101000000000000000000000
00000000000000000000000000100010101100010100000
00000000000000000000011011110010100000000000000
00000000000000000000000000000001011000101000110
00000000000000000000000001101010001110010000000
00000000000000000000110011011001000000000000000
10010001101101100000000000000000000000000000000
00000000000111001011000000100000000000000000000
00000000000000000000000100001110011000100000000
00000001001011100001010000000000000000000000000
00000000000000101001011110101000000000000000000
00000000000010101010000111010000000000000000000
00000000000000000000000001101010000010110000000
00000000000000000000101111011010001000000000000
00000000110000000110011000000000000000000000000
01000110111011111000000000000000000000000000000
00000000000001001101101100111000000000000000000
00000000000010111001101000100000000000000000000
00000000000000010111100110111100000000000000000
00000000000000001000101111010101000000000000000
00000000000000010100011101010100000000000000000
00000000000111001010101110000000000000000000000
00000010100100111001000000000000000000000000000
00000000010110000111010110000000000000000000000
00000000000000000000000000001100110101100100000
00000000000000000110111010001010100000000000000
00000000000000001101101101010100000000000000000
00010100011110001110000000000000000000000000000
00000001110111001110110000000000000000000000000
00000000000001000001100100100000000000000000000
00000000000000000000001000011000100100000000000
00000000000000000000000011111010101011110000000
00000000000000000000001001101010000011000000000
00000000000000000000000111100001011010100000000
00000000000000000000000001111100110011111000000
00000000000000000000001101001101000111000000000
00000000000001011110000000110000000000000000000
00000000000000000000000000000101000100000110100
00000000000000000000001001100111100000000000000
00000000000000000001111100010110111000000000000
00000000000000000000000101101100111001100000000
00000010011110011110100000000000000000000000000
00000001100111110001000000000000000000000000000
00000000000000100111011110101100000000000000000
00000000000001011111110010110000000000000000000
00000011100101101011000000000000000000000000000
00000000000001100101000101100000000000000000000
00000000000000010111100111101010000000000000000
10111111101000000000000000000000000000000000000
00010001011010100100000000000000000000000000000
00000000000000000000000011110011010000110000000
00000000000000000000001010010110001111000000000
00000000000000000000000000011100110111100000000
00000000000000000000000111101100111011000000000
00000000000000000000000000010110011010110010000
00000000000000000101000101001010000000000000000
00000000000000000001110001101011100000000000000
00000000000101100000010111000000000000000000000
00000000000010001010010111000000000000000000000
00000000000000000000000000000001100011001100111
00000000000000000000000011111001100011100000000
00000001100011011111111000000000000000000000000
00001110100001111000000000000000000000000000000
00101001000111110000000000000000000000000000000
00000000110101010100001100000000000000000000000
00000000000000000001111111110000101000000000000
00011101001100110100000000000000000000000000000
00000000110001001010000000000000000000000000000
00000000000000011010000111010110000000000000000
00000000000000010010110010011000000000000000000
00000000000000000000000000000010001011110101110
00000001001000110111000000000000000000000000000
00001101101010100110000000000000000000000000000
00000001011011010111000000000000000000000000000
11101110011111100000000000000000000000000000000
00000000000000000000000011001011111011100000000
00011001011111111000000000000000000000000000000
00000000000000000000000000011110001110011110000
00000000000000000000000100001111000011100000000
00000000000000000100011100101110100000000000000
00000000000000010101011101000110000000000000000
00000000000000000000000010000000111001110000000
00000000000000000000000101011100010001000000000
00001011101101100011000000000000000000000000000
00000000000000000000000000000001110100010011110
00000000000000110011111111000000000000000000000
00000000000000000000000101111001110010100000000
00000000000000000000110011000100100000000000000
00000000000000000000000000000011010000010100010
11011000000100010000000000000000000000000000000
00000000000000000010101101010100010000000000000
00000000000000000000000000000110101000000011000
00000000000000000000000001000110110110010000000
00000000000000000010111101101101110000000000000
00000000000000000010000111100111110000000000000
00000000000000000000000010111101011000000000000
00000000000000000000000000011100100001001010000
00000000000000000000000101000111001010000000000
00000000000000000000000000000010111000011101100
00000000000000000000110101000111001100000000000
00000000000000100010010111100100000000000000000
00000000000000000000000000000100111011101111100
00000000000010010011100011000000000000000000000
00000000000011111101110101100000000000000000000
11110000011100010000000000000000000000000000000
00000000010101001011111010000000000000000000000
00010110101110101110000000000000000000000000000
00000101010110001111000000000000000000000000000
00000000000000000000100100001100100000000000000
00000000010100101101110100000000000000000000000
00001110001110010100000000000000000000000000000
00000000000000000110011100000000000000000000000
00000000000000000010001101001000000000000000000
00001111101111100001000000000000000000000000000
00000000000010101001101100110000000000000000000
00000000000000000111010000010111100000000000000
00000010100101101000110000000000000000000000000
00000000000000000000000101100011000000100000000
00000000000000000000000000000011101101000011110
00000000000000000000010000101100011000000000000
00000000000000111101000011010100000000000000000
10101111010101110000000000000000000000000000000
00000000000000000000000000000110011011011101000
00000000000000000000000000100111110111001000000
00000000101111100101000000000000000000000000000
00000001011111010011111000000000000000000000000
00000000000000000000000000010111011001010010000
00000000000000000000000000101100110010101000000
00000000000000000011001110100001110000000000000
00000111010000100100100000000000000000000000000
00000000000000000000000010101110100101010000000
00000000000000010110000011010000000000000000000
00000000000000001110011001001100000000000000000
00111010100110101000000000000000000000000000000
00001000010100110010000000000000000000000000000
00000000000000001110110101010110000000000000000
00000000000000000000000000000001101010110100110
00000000000000000010100000000111010000000000000
00000000000000000000000000000111101100100010000
00000011101010011110110000000000000000000000000
00000000000000000000001010111100010001000000000
11110110010010110000000000000000000000000000000
00000000000000000000000111010001001011100000000
00000000000000000000001000000110001001000000000
00000000000000000000000010101111111000010000000
00000000010001010011101100000000000000000000000
00000000000000000000001011011111011101000000000
00000000000101101110010000100000000000000000000
00000000000000000000000001100011110001100000000
00001110111011110101000000000000000000000000000
00000000000000000000000000010001001111010010000
00000000000000000000000001110111011100101000000
10001000001010010000000000000000000000000000000
00000000000010001010011101000000000000000000000
00000000000001001100011011000000000000000000000
00000001111000101001001000000000000000000000000
00000000110001110000101100000000000000000000000
11011111100001010000000000000000000000000000000
00000000000000111100001011011000000000000000000
00000000000000000000110001000011010100000000000
00000000000000000000000000000100000010101000100
00101010001100100000000000000000000000000000000
00000000000000000000000000000001100010111111111
00000000000000000000000001001100100011100000000
00000100010000111000100000000000000000000000000
00000000000000000000000000000100110110110011000
00000000000000000000000000010001000011110110000
00000000100010101110010000000000000000000000000
00000000001011100100111010000000000000000000000
00000000000000000100000111111001100000000000000
00000000000000000011010000011011010000000000000
10100011011100000000000000000000000000000000000
00000000000000000111111111011101100000000000000
00000000111101010101011000000000000000000000000
00000000000000011000001111010000000000000000000
00000000000110010101101110100000000000000000000
00110011101000100000000000000000000000000000000
00000000000000000110010000110010100000000000000
00001001000000101011000000000000000000000000000
00000000000000000000000000010010101110010100000
00000000110011001110111100000000000000000000000
00000000000000000000000000000001100110000110100
00001011111011011011000000000000000000000000000
00000000000000000000000011111110001101100000000
00000000000001101000101011110000000000000000000
00000000000000000000000000010101001011001000000
00000000101001101101100000000000000000000000000
00000000000000001100001011000010000000000000000
00000000000011010010100110010000000000000000000
00000000000000101000110101000100000000000000000
00000000000000000001001001110110100000000000000
00000000000000000000000111100100111001100000000
00000011110001000010100000000000000000000000000
00000000000000000000000000000001110101001100000
00000000011101110001011000000000000000000000000
11111010010011110000000000000000000000000000000
00001000001000101010000000000000000000000000000
00000000000000000000000000110001011111100000000
00000000000000000000000000001111110111000001000
00000000000000000000000000011001100111001000000
00000000101010001101101000000000000000000000000
00000000000000000011110001011010010000000000000
10111101000101110000000000000000000000000000000
00000000000000000000000111011100111000000000000
00000010111100001011110000000000000000000000000
00010111001111111010000000000000000000000000000
00000000000100111001000000100000000000000000000
00000000000000000000000010100101111101010000000
00000000000000000000000000001010011000110111000
00010000110000111100000000000000000000000000000
00000000000000000000000000011001111111111010000
00000000000000000000000111001111011010100000000
00000000001111110111001101000000000000000000000
00001011001101101000000000000000000000000000000
00000000000000000001000111011010110000000000000
00000000000010010001110011010000000000000000000
00000000000000000100110001010010100000000000000
00000000000000000000000011001100000110110000000
00000000000100100011010000000000000000000000000
00000000000000110100110110000100000000000000000
00000110001100001001000000000000000000000000000
00000000111000001010001000000000000000000000000
00000000000000010101110001001110000000000000000
00000000000000000000000000011011111100011000000
00000000011111011100101110000000000000000000000
00000000000000011010011110001110000000000000000
00000000000000000000010111000110011010000000000
00000000000000000001000000010000011000000000000
00000011110001011101010000000000000000000000000
00010110101001100110000000000000000000000000000
00000011000011000000110000000000000000000000000
00000000000000000000000000000001001000011000011
00000000000000000100001001100110100000000000000
00000000000000000000000000000011010000010110100
10100000000100010000000000000000000000000000000
00000000000000111100001011010100000000000000000
00000000000000000000000011010101010000110000000
00000000000000000000000001111110111000011000000
00000000000000000000010010000011110110000000000
00000000000000000000000000010000110000111010000
00000000000000011000011010101100000000000000000
00000000000000000000000001001111001010101000000
00000000000000000010011110110110100000000000000
00000000000000000000000000000011111000111010010
00000000000000000011001111000100110000000000000
00000000000000000000000110011011110100100000000
00000000000000000000000111001011101101000000000
00000000000000000000000001110110111001101000000
00000000000000000010011010111000110000000000000
00000000000000001111100001100110000000000000000
00000000000000000001001000000111111000000000000
00000000000000000000000000011100111111001000000
00010111100000000100000000000000000000000000000
00000000000011011101000000110000000000000000000
00000000000000011101111000110000000000000000000
00000000000000000000000000111100111110111100000
00000000000000111100011100000100000000000000000
00000000000000100001111001110100000000000000000
00000000000000000000001111110110111010000000000
00000000000001000100101101111000000000000000000
00000000000000000000000000000011010110110100010
10110011000110010000000000000000000000000000000
00000000000000000000111100100101011000000000000
00000000000000000000000000000010001001010001110
00000000000000000000000001101001111101111000000
00000000000011101000110001000000000000000000000
00000000000000000000000000000110101111001000100
11011100110011000000000000000000000000000000000
00000000000000000000000001011011101111100000000
00011000011100100110000000000000000000000000000
00000000000000000000000000000001000100000100001
00000000000000000101000101011100100000000000000
00000000000000101011000010111000000000000000000
00000001100101110011000000000000000000000000000
00000001001101110000000000000000000000000000000
00000000010010111011101100000000000000000000000
00000000000000000000000001010001010100010000000
00110001001110101100000000000000000000000000000
00000000000000000000000000000001101111101101011
00101000111110101000000000000000000000000000000
00010010011110010110000000000000000000000000000
00000000000000011000110111011000000000000000000
00000000000000000000000110001110100011000000000
00000000000000000010101100101000000000000000000
00000000000000000000011110010110000010000000000
00000000000000000100100101010100000000000000000
00000000000000000000110000000111101000000000000
00000000000001001100011100010000000000000000000
00011000111111010100000000000000000000000000000
00000000001110001001011001000000000000000000000
00000000000000000000000000100101010000010000000
00000000000000000000001101100010011011000000000
00000010010011101101100000000000000000000000000
00000000000000000000000000011111010111111000000
01101001000100011000000000000000000000000000000
00000000000000000000000000000010010101111010010
00000000000000000000000000000011000011000010010
00000010010000000001000000000000000000000000000
00000000010010101010001010000000000000000000000
00000000000010001010001101110000000000000000000
00000001010100110111110000000000000000000000000
00000000000000000000000000001111011011111101000
00000000000000000000000000111111011110110000000
00000000000000000000000000000011100110111100100
00000000011000000010011000000000000000000000000
00000000000000000111111000000101100000000000000
00000000000000000000000110110001001010100000000
00000000000000000000000001111010110100000000000
00000000001101001000111110000000000000000000000
00000000000000000000001010111100110101000000000
00000000000000000101100101111001000000000000000
00000000000000000000000000000001011001001000101
00000000000000000000000000000001000111111010010
00000000000000000000000000000010111110100100000
00000000011011100100110000000000000000000000000
00000000000111100001010011000000000000000000000
00000110001110011000000000000000000000000000000
11001110100011000000000000000000000000000000000
00000000000000000000000001010111011011010000000
00011111000010000110000000000000000000000000000
00000000000000111010111101100000000000000000000
00000000001000001011101111000000000000000000000
00000000100001110100100100000000000000000000000
00000000000001011001010010110000000000000000000
00000000000000000000010000101100001000000000000
00000000000011111100000010010000000000000000000
00000000000000000000000000100111001000111000000
00100110011010011100000000000000000000000000000
00000000000110111010110010100000000000000000000
00000000000111101011000000000000000000000000000
00000000000000000000000000000001110100000100011
01011001110001010000000000000000000000000000000
00000000000000000000111010001000100100000000000
00000000000000001111001000111101000000000000000
00000000000000011110101111000110000000000000000
00000000000000000000000000000001111011111000001
00011001001111000110000000000000000000000000000
00000000000000000000000100100001001010100000000
00000000000111000100110011100000000000000000000
00000000000000000000010001100101101010000000000
00000000001011000011100000000000000000000000000
00000000000000000000000000000100001011111000000
01001001010100011000000000000000000000000000000
00000000000001111001101110001000000000000000000
00000000000011101110111010000000000000000000000
00000000000000000000000000100110001110010100000
00000011100000011011000000000000000000000000000
00000000000000000000000001011100110000011000000
00000000000000011101100011001010000000000000000
00000000000000000000000011110100010000100000000
00000000000000011010111011011110000000000000000
00000000000000000000000000011100000010100000000
00000000000000000000000000001100011001011000000
00000000000001101001000111001000000000000000000
00000000000000000000000000001011100010010000000
00000000000111111000110100100000000000000000000
00000000000000000000000010011000001101010000000
00000000000000000000101101010000111000000000000
00111000111000110000000000000000000000000000000
00000000101010111111110000000000000000000000000
00000000000000000010100101000101000000000000000
00000010101101010000000000000000000000000000000
00000000000000000000000000000011010000000000000
00000001100010100100110000000000000000000000000
00000000001100111111110111000000000000000000000
00000000000000000101101100011100000000000000000
00000000000000000000000000000101110101000111100
00000000000000000000110001111001110100000000000
00000000000000000011110100100001100000000000000
00001011111010001011000000000000000000000000000
00000000000000011001011110101110000000000000000
01100011001011100000000000000000000000000000000
00000001011011110010011000000000000000000000000
00000000000000000000000000000001010001101100001
00000000000000000000101001011110000100000000000
00000000000000000000100010011111011000000000000
00000000000000000000100111111111010100000000000
00000000000000000000000000000111101111100011000
00000000000000000000000000101011000001001000000
00000000000000000000000000000010101100001000110
00000000110001101100100000000000000000000000000
00000000000000000000000000000001011101010111100
00000000000010000110010111000000000000000000000
00000000000000000000000111100111100101100000000
00000000001101011100100101000000000000000000000
00000000000000000000000000000011100010110110010
00001000100100101111000000000000000000000000000
00000000000010000011100011010000000000000000000
00000000000001010001011011111000000000000000000
00000000000000000000000110001010011010100000000
00000000000000000000000000001100111101011000000
10111010001001000000000000000000000000000000000
00000000000010000001001010010000000000000000000
00000000000000000000000000000110010000010110000
00000000000000110110100010101100000000000000000
00000000000000000000000000000010111111010100010
00000001001101000001000000000000000000000000000
00100011000110011100000000000000000000000000000
00000000001100111110001111000000000000000000000
00000010100010110001010000000000000000000000000
00000000000000000000000000000101000100111000000
00000000000000000000000010000101110001000000000
00000000000000000000000010011110011001110000000
00000000000001011001011100101000000000000000000
00000000000000000100110110000000100000000000000
00000000000000000000000001000110101100010000000
00000000000000000000100010111000100000000000000
01000011111110001000000000000000000000000000000
00001100100000110001000000000000000000000000000
00000000000000000000110101010100001000000000000
00000000000000000100110010001100100000000000000
00000000000000000000000000000001010001111000100
00000000000010100011011001010000000000000000000
00000000000000101111110111100000000000000000000
00000000000000000000000000001010000010111100000
00000000000000101010001110010100000000000000000
00100101101011001100000000000000000000000000000
00000000000000100100011100110100000000000000000
00000000000000011101100100001100000000000000000
00000000000000000000000000001000011111001111000
00000111101100010110100000000000000000000000000
00000000001101111011000001000000000000000000000
00000001101111001011100000000000000000000000000
00000000000000000000000001111001100111101000000
00000000000000001010111100100001000000000000000
10101000101101100000000000000000000000000000000
00000000000000100111000001001000000000000000000
00000000000000010000101000001010000000000000000
00001101010101011011000000000000000000000000000
00000000000000111101100011000100000000000000000
00000000000000000000001001100101001111000000000
00000101001111100101000000000000000000000000000
10100101110010000000000000000000000000000000000
00000000000000000000000000000111011001111101100
00000000000000000000000100011010100011100000000
00000000000000000000000010111100100110100000000
00000000000000000011110000101111010000000000000
00000010001110110011100000000000000000000000000
00000000000000000000001100010010111000000000000
00000000000000000000000001101111011110100000000
00000000000000000000000000000011110110010000010
00000000000000000000001011110111100001000000000
00000000000001001011111011110000000000000000000
00000000000000000110010001010110100000000000000
00001110100011110001000000000000000000000000000
00000010110011011001000000000000000000000000000
00000000000000000000001011110010000111000000000
00000000000001011100001110101000000000000000000
00000001100001011010010000000000000000000000000
00000000000000000000000000010100011010011100000
00000000000000000000000000000011001101000100100
00001111000110011010000000000000000000000000000
00011000010001100100000000000000000000000000000
00000000000000011111000110001000000000000000000
00000000000101110101000010100000000000000000000
00000000000101010101100000000000000000000000000
00000000000000000000010101100000111100000000000
00000000000000000000011100101100110100000000000
00000000000000000001011010011011100000000000000
00000000000000000010111010100011100000000000000
00000000000000001011100010010000000000000000000
00000000000000000000000000000001011101111000000
00000000000000000000000000000001110110111100101
00000000000000000000000000001100010101011001000
00000000000000000000000000010010110001101100000
00000000000000000010110101000110100000000000000
00101110101010000000000000000000000000000000000
00000000010100011101000100000000000000000000000
00001100011010001111000000000000000000000000000
00000000001000010110101001000000000000000000000
00000111000101011010100000000000000000000000000
00000110111110011001100000000000000000000000000
00000000000000000000000000110111101010110000000
00110111101000110000000000000000000000000000000
01011000100101011000000000000000000000000000000
00000000000000000000000000110111011000101100000
00000000000000000000101111010000011100000000000
00000000000000000000011111011000100110000000000
00000101100101101011100000000000000000000000000
00000100000001100110100000000000000000000000000
00000000000000000000000001110111000111000000000
00000000000000010010100010010100000000000000000
00000000000001001000001100000000000000000000000
00000000000000000001110001001110010000000000000
00000000000000000000100001111010110100000000000
00000000000000000011110101000110100000000000000
00000010111001000010010000000000000000000000000
00000000000000110101100001011100000000000000000
00000000000000000000000110110011001001100000000
00000000000000000000000000011000100000111010000
00000000000000000011010000000101010000000000000
00000000000000000000000010111000000010110000000
00000011100111100010110000000000000000000000000
00000101000000111110100000000000000000000000000
00000000000000000000000110000000001010000000000
00101100000111001000000000000000000000000000000
00000001110000001110011000000000000000000000000
00000000000000000000000011011111110011000000000
00000000000000000000000000000001110010001010100
11101011001100110000000000000000000000000000000
11111101101110000000000000000000000000000000000
00000000000010010100111100010000000000000000000
00111111100101000000000000000000000000000000000
00000000000101100011111011100000000000000000000
00000000000000011001110111100110000000000000000
00000000001000010010101111000000000000000000000
00000000000000000000010100001000111000000000000
00000000011010110011111110000000000000000000000
00000000000000000000110100001010110100000000000
00000000000000000100011000010010000000000000000
00000000000000000000011010100001000100000000000
00000000000000000000001011000010110110000000000
00000000000001010011010010010000000000000000000
00000000000000100110011001001000000000000000000
00000000000000000000000000000010100101110010000
00000000000001001001000000101000000000000000000
00000000000000000000000000000011110001011000010
00000000000000000000000000001100000000000110000
00000000000000000110101100100111000000000000000
00000000000000000000000000000111100101000001100
00000000000000000000001101001101101111000000000
00000000000000000001110110110100011000000000000
00000000000000000001111101010011001000000000000
00010011011101100110000000000000000000000000000
00000001010111100010010000000000000000000000000
00000000000000000000000001110001001110010000000
00000111010001101111000000000000000000000000000
00000000000000001010101100111001000000000000000
00000000000000000000000000000010001010100010000
00000000000000000000000000000001100001000010011
00000000000000000000000000111010001101000100000
00000000000000000011111100010101010000000000000
00000000000000000000000101111111111111000000000
00000000000000000000000001100011110100100000000
00000000000110011011111111100000000000000000000
00011100011101100110000000000000000000000000000
00000000000000011001010111011100000000000000000
00000000010110001110110010000000000000000000000
00000000000000000001011001100101000000000000000
00000000000001001100000011100000000000000000000
00000000000011101010000000000000000000000000000
00000000000000000000000010001000100000100000000
01011110011001111000000000000000000000000000000
01111010010100010000000000000000000000000000000
00000000000000100110101001011000000000000000000
00000000000000010011111111111110000000000000000
00000000011001111011110010000000000000000000000
00000000000000000000001110011010101111000000000
00000000000000011001000010001000000000000000000
00000000000000000000100101111110011000000000000
01111110000000010000000000000000000000000000000
00000000000001100111110010100000000000000000000
00001100100101100010000000000000000000000000000
00000000000000011000101011000000000000000000000
00000000000000000000011110001110000010000000000
00000000000000000000001110101001100111000000000
00000000011110001110100000000000000000000000000
10101001101011010000000000000000000000000000000
00000000000000000000000101101000010110000000000
00000001101111011100001000000000000000000000000
00000001011111011100110000000000000000000000000
00000000010111010011100110000000000000000000000
00000000000000000000000000111011101011001000000
00000000000001111110100001000000000000000000000
00001000000001010000000000000000000000000000000
00000000000000000000000000001101001010110001000
00000000000000000000000000011001111110110000000
00000000101010001110001000000000000000000000000
00000000000000000000001100110010011011000000000
00000000000000100101111000011100000000000000000
00001000110001110101000000000000000000000000000
00000000000000000000000000000001111010010111101
00000000000000000000000110100100011000100000000
00000010010100000100000000000000000000000000000
00000010111000101110110000000000000000000000000
00000001111100011101010000000000000000000000000
00000000000000000000000000000001011111100011010
00000000000000000000010110010101110000000000000
00000000000000001111000111101011000000000000000
00101011101001110000000000000000000000000000000
00000000000101111001100100100000000000000000000
00000000000000000000000000111011111110110100000
00000000000000000001001111001110000000000000000
00000000000000000000000000000001000101010011111
00000000000000000010101010001000010000000000000
00000000101110111110111000000000000000000000000
00000101000111001111000000000000000000000000000
00100001011001010000000000000000000000000000000
00000000000000000000000011111101101000110000000
00000000000000001110110001110001000000000000000
00000000000001110011100010001000000000000000000
00000000000111110010011100000000000000000000000
00000000000010010110101110010000000000000000000
00000010010101100111100000000000000000000000000
00000000000000000000000010001101010010100000000
00000000000000011010001010000000000000000000000
00000000001110110111111110000000000000000000000
00000000001000110100110100000000000000000000000
00000101110001111100100000000000000000000000000
00000000000000000000010100000010101010000000000
00000000000000000000100101101010010000000000000
00000000000000000000000111001010000110000000000
10111010100000010000000000000000000000000000000
00000000000000000000000101111000000110000000000
00110111000100011000000000000000000000000000000
00000000000000000000000011010101111110010000000
00000000000000000000000111110101011110000000000
00000000000001011100010111010000000000000000000
00000100011110111010000000000000000000000000000
00000000000000000000000000010111100110110000000
00000000000011010000000011010000000000000000000
00101100010100010000000000000000000000000000000
00000000000000000000000100101010100110000000000
00000000000011000100000110000000000000000000000
00000000000000000000000010110000101101000000000
00000000000000010010010100010010000000000000000
00000000000000000000000000000100011000111011000
00000000000001101011000101011000000000000000000
00000000000000000000000000111101101010001000000
00000000001010010001000001000000000000000000000
00000000000000000000000000000011101100011110010
00000000000000000010001101110110010000000000000
00000000000000000001001110101111111000000000000
00000000000000000000010011010001100000000000000
00000000000000000110011100000100000000000000000
00000000000000000000101001010101111100000000000
00000000000000000000000000000010000110111010000
00000000000000000000001001101110111100000000000
00000000000000000000101111100111001100000000000
00000000111000010101100000000000000000000000000
00010110001101000000000000000000000000000000000
00000000000000000000011100001011111100000000000
00000000000000000000011101100000111100000000000
00000000000000000001000111110101001000000000000
00000000000000000111101010000111100000000000000
00000000000001001111010111010000000000000000000
00000000000000000000001011101001010011000000000
10010100010010100000000000000000000000000000000
00001111010111111010000000000000000000000000000
00000000000000000000000000011001101000110010000
00000000000000000000000001101110110101110000000
00010001111000100010000000000000000000000000000
00000000000000000000000000000100001000001011100
00000000000000000000000000000001100011001101111
00000000000101000001011111000000000000000000000
00000000000000000000000000000111101100010100000
01100010101001011000000000000000000000000000000
00000000000000000000000000001010111110100000000
00000000000001010000011111001000000000000000000
00000000000000000000000001110010011001110000000
00000000000000000000000000110000111000001100000
00000101010100100001100000000000000000000000000
00000000000000000000000000011001100101001000000
00000000000000000001101101001010010000000000000
00000000000110010111011101000000000000000000000
11100111100110010000000000000000000000000000000
00000000000000011101101001111010000000000000000
00000000000000000010111001001000010000000000000
00000000000000000000001011111001100011000000000
10000000101100000000000000000000000000000000000
00000000000000000000000000110011101111110000000
11101111000110110000000000000000000000000000000
00000000000000000000000000001110101000001011000
00000000000000000010000111001100010000000000000
00000000000000111000011111110100000000000000000
00000000000000000010001011111110000000000000000
00000000000000001110001000101110000000000000000
00000000000000000000000000000101111001010010100
01000001001010111000000000000000000000000000000
01111101110000011000000000000000000000000000000
01000000010101010000000000000000000000000000000
00000000000000000000111000000011101100000000000
00000000000000000000000000000001101001001111100
00001010000111101010000000000000000000000000000
00000110110000011100000000000000000000000000000
00000000000000000001000100110110111000000000000
00000000000000000001110111111010111000000000000
00000000000000000000000000010000001010011000000
00000000000000000100101000001001100000000000000
00000000101111111011001100000000000000000000000
00000000000000000000000001111011101100101000000
00000000000001110100100010000000000000000000000
00000000000000000000000000010100011111110100000
00000000010101101010111010000000000000000000000
00000000000000000000000000001001010000011100000
00000000000000000000000100111110011010000000000
00000000000000000000101010011011011100000000000
00000110110001111101000000000000000000000000000
00000000000000000000001001011001101000000000000
00000000000000000000000000010011000110111000000
00000000000000000110110101001010100000000000000
00000000000000000000000000001111111001001100000
00000000000000000000000000000001111011110011111
00000000000000000001000010100111000000000000000
00000000101011001010110100000000000000000000000
00001000001001010111000000000000000000000000000
00000000000000000111110001011111000000000000000
01011111111101111000000000000000000000000000000
00000000000000000000000000001111111100100000000
00000000000000000000000000011110001111000110000
00000001111011100111101000000000000000000000000
00000000000000000000000000111001001100110100000
00000000000011010110111001000000000000000000000
00000000100110111010010000000000000000000000000
00000000000000000000101000100001101000000000000
00000011101100101010010000000000000000000000000
00000000000000000010101110011001000000000000000
00001111111111001100000000000000000000000000000
00000000000000000110111110101110000000000000000
00000000000000000000000001110100110101101000000
00000000001011000001101010000000000000000000000
00000000000000101000100010010100000000000000000
00000000000001111111111010011000000000000000000
00000000000000000000000000000011101011111000110
00000000000000000001100101111001100000000000000
00000001010010111110100000000000000000000000000
00000000000000000000000000011111100100101110000
00000000000000000000000000000010011111001100010
00000000000000000001101011111010011000000000000
00000000000000000000000000001110010011001111000
00101100010100000100000000000000000000000000000
00000000000000000101000111011100100000000000000
00000000000110011010110001000000000000000000000
00000000000000000000001001101101000100000000000
00000000000000000010011101011011100000000000000
00000000000000110010010100010100000000000000000
00000000000001111011110011000000000000000000000
00000001011001010011101000000000000000000000000
00000000000000000000000000010001101100101110000
01101001010110101000000000000000000000000000000
00001000011000101011000000000000000000000000000
11000010000100010000000000000000000000000000000
00000000000000000000001111011100101110000000000
00000000011100100100100010000000000000000000000
00000010011101001000010000000000000000000000000
00000000000000100110110111101100000000000000000
00000000000000000000101101010010111100000000000
00000000000000000000000011101101000101000000000
00000000000000000000000000101101010111000000000
00000000000000000000000001011100000001111000000
00000000000000000001101111000100000000000000000
10010100110011110000000000000000000000000000000
00000000000000000000000000000001011101001101000
00000010011100001101100000000000000000000000000
00000000000000000000000000011111000001110100000
00000000000000000000000000000101101100110110100
00000000000000000000010110011110010110000000000
00011110110100111000000000000000000000000000000
00000000000000000000110011010011001100000000000
00000000011100100111001000000000000000000000000
00000110011111010101000000000000000000000000000
00000010011011010000000000000000000000000000000
00000000000000000000001111111011100010000000000
00111101000001000000000000000000000000000000000
00000000000011000101010001010000000000000000000
11000001000110110000000000000000000000000000000
11111101011001110000000000000000000000000000000
00000000010010100000101100000000000000000000000
00000000000000000000000000111010001100011100000
00000000000000000000010101010100100100000000000
00000000000000101110000101100000000000000000000
00001111001011111001000000000000000000000000000
00000110000110001101000000000000000000000000000
00000011111010100111010000000000000000000000000
00000000000000000000000110100110010010100000000
00000000000000100001101001010000000000000000000
00001101001110110010000000000000000000000000000
00000000000000000000000011001110100100100000000
01001111010111011000000000000000000000000000000
00000111000100001101100000000000000000000000000
00000000000000000000000100110110001001000000000
00000000000000000001101001001101011000000000000
00000000000011101100101011000000000000000000000
01011011010111100000000000000000000000000000000
00000000000000000000000000011110000001011010000
00000000000001101111101111001000000000000000000
00000110000110001110100000000000000000000000000
00000000010111110110111010000000000000000000000
00000000000000000011100101101001100000000000000
11111011100010100000000000000000000000000000000
00000000000000000000001110001000100011000000000
00000000000000000000000001001100110100111000000
00000000000000000101011100011011100000000000000
00000000111000001000100000000000000000000000000
00000000000000000000001111010001101001000000000
00000000000000010101010110100000000000000000000
00001010110100101111000000000000000000000000000
00000000000000000000000000010011101000111010000
00000000000001001110111111011000000000000000000
10010001010101010000000000000000000000000000000
00000000000000000000000010000011001000100000000
00000000000000000000100101100010001000000000000
10111101000001110000000000000000000000000000000
00000000000000000000000000000110111110101110000
00000000000000000000000000001101110001000111000
00000000000000000000000111111101101101100000000
00000000010100101110101010000000000000000000000
00000000000000000000000000000011111100111110010
00000000000000000000001100001010010001000000000
00000000000000000000000000001000110100101011000
