00001100100110100011
01101101110100011110
01010111001101011111
01000011000110100101
01011000110000011011
10110001101101010101
01000000110101110011
10001111001000010100
01010111100110101000
10110101101011111110
11100111001010001110
10100001001101000101
10000111111011111001
00011101101001111010
10001000011101000111
11111011100000001100
10011101011001110110
10001011101000101100
01001001111110010110
01000110011110110011
11001111100100010011
00111111100101101011
10111111000100101111
01110001100010000000
10001110000011111010
00000011111001111010
11101100000000001100
01011000111111000000
10110101000100001001
00111110001101100111
11100101110001101101
01110110100110001111
00000111000000000101
00010000000100111010
11110101101010101011
00011111010010100101
00110101101101011111
11001110010011010011
01101000011001011011
11001011010010000000
11001001001011101011
10111001110000000111
11101010011110000101
00000101100111110000
10010011110111100000
00011110011111011010
00101110101010110101
00011100111011110011
10101000110111000000
10011111100101001011
01110110011110110001
00111000011010001111
01111110101111110101
01011110110010001101
01001100101110101010
11011111111001010000
00001010011100010111
00111011100000011101
10001001100101011111
01100100001000011000
01111001010000101010
11001000000000101011
01011000011110100110
10011000011001110110
10110000100111010010
10101100111101001101
11011110011001000111
11111010010011100000
01000000000001110100
10010110111001000101
00000000110100011101
10000011001100111011
01101100010101000011
11010000011010011101
00101111010111000011
01001011000010101000
00100011111001101111
11100101001010001100
10011010011011100001
11110010001001010110
00101000110110111101
10111010011110101110
11001101111101111000
10111100010110111011
00111100001011101010
01100001101011010011
10011110100101100110
01101101110111111101
00000101111111001011
01100101001000111001
01011010001000110000
11111101111100110111
11101011000011001101
00011110110100000110
01001100111101100101
01001010011101100010
11000101000010100101
11101111100010000110
01000000101001100001
01000011110000101100
10001111111011111111
00010100100010100101
11110100010101110000
01111111101101110110
00101100010010001010
01111010100110111100
01101011011111001110
01011101010110101010
01001101100010001111
00110011111001100101
01001010011001001110
10100101011000110100
00010000011100010000
11110101000101011000
10100111000110001110
01001001010100100000
01010111010100010110
11101111110100111100
10000100010001011110
00000111111101111111
01011011001011000000
11000001101001111001
10001110110111111010
00111110010100011000
01111001110011001101
00100000010100011000
01111010111110100001
11010011000000111100
01010010110011000010
00110100111001011001
10011001001100001001
10111000000111101000
01111000001100100101
00001010100000001001
00010011000100111001
11110100111101000111
00001101101111000101
01010111110100100100
00101110111111011010
00000000011110100111
00011001010000101000
00010100100111101001
11001110110001111011
10000000100011100100
10110110011100111010
00101001010100111010
11111010100110111100
01010100000100010011
01000110010010100011
10101111110000111011
10011110001111000011
11101011110001010100
11101100101111000100
10100111000010111100
00011000111011010110
10101100101001000101
10001010000011011101
10111111100010101000
01010110101001001110
10111100101011001101
01010011110111010011
01000000010100100001
10111011111001000111
00100100100001010011
11110110011110011100
10101100010000101001
00111101111111001000
10001010011010100001
00100001110000101010
01100101011000011010
01000000011111111000
11110110110111011100
10000100110001010010
10110111000010101001
11101011101011000101
01111110101100100010
10011001101001111011
00111001101100111001
10111001010011011110
11111011111001001000
10111101111011101001
11011100100110001101
01111011000001101111
10100101111000100010
00111111001101011111
10100011101110010110
10101110011100001110
10100011011000001011
00000111110000010111
10010011011100010110
01111100111100110111
01110101011110010001
01110110111001011001
00001101111010000011
01001101001010010011
11110110101011110001
01100000001110111111
11000001100100111000
11110000100001001001
11111000110100111011
10101011101101100101
00101000101011000101
01010101111001010000
00000011000101000110
00110101010001110010
01011100110110010000
11111001000110110110
10100110010110000001
01000000011100110001
11000001011100001010
10001010010111101010
10011010101000011101
00110101010000010110
01011011110110100010
10111100000001100110
11110000110111011111
10010001101101100111
10011011100110100010
10000011110011011110
01111000101111010101
10000010001110101010
10100110010101011100
11001010010011100100
10110011000011101011
00011100110101100100
01110101110100010101
01111101101101010100
11100010001111000111
11000110111001110110
10010000001100100100
01001000011000100100
00111111101010101111
01001001101010000011
01000111000010110101
00110111100110011111
01001101001101000111
10010011110000000110
00010010001000001101
01001001100111100000
01100111100010110111
01000011011001110011
11001001111001111010
11000100111110001000
10001001110111101011
10010011111110010110
11001110010110101100
10010100101000101100
10000011110011110101
11111011111110100000
11100000101101010010
00111111001101000011
01001010010110001111
00100110011011110000
01000111011001110110
00100011001101011001
01110010001010010100
01100110001101011100
10100011000000101110
10011000101001011100
00000100011001100111
00111111100110001110
11000100011011111111
11011110100001111000
11101010010001111100
10111101010101000011
01100111111110000101
11100110100110011010
10111100010010100000
10000101000011101011
10000001011001001100
00001000101111010111
11000001000110111000
11011101101010100110
11000011011010111000
11111110111001111110
00111100101111101110
11100100101111111100
00100111000111001111
01000000011110000111
01110000111001011101
10000010101110100011
00111000000011100111
01000010111000100010
11011011101101100011
00000110100010011110
10001100111111110000
01000011110011100101
01011100110001001000
00001101000001010001
11111101100000010001
01101010110101010001
00010101010000000110
00110000110110110010
01101011110110110111
01101000011110011111
00111011110101100000
00100110010000100101
01000010001110010100
00001011100001110110
01011101010001110011
10001000100101111001
00010001110111011111
10011001001110001100
10011111110111010110
11111111000001110001
10110010100101111101
11100011010111010111
11010010101100011110
01011001000011001000
10110010010110111010
11011110001110010100
01110100111000000000
01101000110100100000
11011111101111100001
10011010100110110011
01110110100000101111
11001010010110100011
01000011000110000001
00001110110100001111
01010000010110001100
10001111010000110101
11111010111101010111
00010100110110111010
00101001111101110010
10111011111001010000
11000011111010011111
00100011101100101001
00101011001100101010
01101100111010000111
11010110100001001001
00111010111010010101
10000011000001101000
01111110011001001100
11101110101001101010
11011000010100110010
01111110110101010110
00000101010110100110
01101010000000011101
00010111011001000100
11001110101001111011
01001010111100010001
11111111011001001011
01000110100010010111
01001000000110001001
00111010111111100001
10110000101001110110
01001011011111011101
10100011011100100001
00110100011110001100
11011110111011110101
00100000100111101001
00110110111011100101
11111000100000101001
10011000101001110100
10010001100011011000
11000111000101001001
10111100011100001011
11111101111110000101
10001111000010110110
01011100010000110101
00010000000101010001
11101010100011001000
00000100010111111111
00110001100100011100
11010000100001110001
00010001101101100110
00100000100001111011
10111000101011100100
10101011100100111010
01110000001111110011
01101101000001101101
11111010001101110000
01110111111110111011
10111111010101010110
10000100000111101000
10100100101011011101
11101100111010001000
01110100100001100101
11011001000000101011
00100001010111001010
10111100110011101111
00000100110000110100
11011011111011011011
00111111111000110110
10010101000101011110
00100010100101100100
10111010011011011000
01111100001011000010
10011101001010011001
10001010001101010001
01100001001110110100
01000111001001110011
11001111000100001010
00000110101001100000
10110110111000101100
11111111101001001111
11011000001000101010
00101100010111111000
00011111110111000001
00100100110011100100
10111010100011011010
01101111000101101001
11111011110100010111
01000110111001110000
11001011110000101111
11100011100111111101
10100001110010000001
00111010010111110101
00011010011000110111
11100000011000011110
00100100111111111101
01000110011110110101
10101111110111001101
11011011001101101000
01100000111011010110
10011001000111001101
01110001100010100101
00111100110000011011
10100001000110100000
10001101001101100001
11010100011000010010
10111110000010100010
10000010111000100111
00100101111110001100
10110111101110010111
10000101001111000111
01010011100011001101
01100000000010000011
11001111000101110101
11100011010100110011
11001100001100000011
00000001000011000011
01110000010011001101
00001101000001011010
11111010000000010001
10001111000010110101
00111101010101000011
00110111110111000011
01010001000001111011
00100000011000011101
10000100001101010110
00110001111001010101
01101001111011011010
00001111100011101001
01101100111100010011
01000100110111101001
01000110010111011010
00110110110111001101
01101001101011100011
01111111100001100110
01100001000000111111
00100110011111100100
11100011110000000010
10011101110100000011
10000110111100011000
00101111001111101111
10001111000111000001
10001000011110011101
01001111110110111010
10010000100101101111
00001101011011010001
11111011001100011001
01011111001001010110
00001000100101000111
00110101001111101111
10011110100011000100
00010101011110010001
11111101110011001100
00110011011101111100
11100100001110010011
00000000100000100001
01110010001010111001
10001010110000101110
11000100101110011000
11000001101110000000
10110001011101110110
00110010001010100010
11101100010011101011
00000101111101101011
11101010001111101010
11100001001111001011
10000100011011101100
01000100011101000110
01101010110010100000
01010111001011000001
01110001001010101000
01011100000001111010
10010001100011100010
11100100011111101010
10101110001001011001
00101001010100000100
01001101100010011011
11001001001110110110
00100111101011111100
11110101001000100011
00001001010111101001
00001100001100001001
11001001000000000100
10110001010101000101
10011000101000110111
11000010100110111110
00011111011011111101
00101111110111101100
00001110011011110010
10110100000001001100
01110111110000001011
01000101100010010101
00110111010110100000
10101101001000111110
01001010111100110101
01110011001011110010
00000011001001000101
00000000111111010010
00001011111010010000
10110101110010011000
10100111000010100110
11010100011100110000
11111100111010001100
00110010111011011010
11100111100001000011
10001110101111011000
10101000001011101111
10111000011101001001
10010011001010010110
01010000010110000100
10011111110000001001
00101001110010001110
11101001100110100111
10100101110101100101
10100111010110000000
00000110100000100011
11110011001110001010
01011110100010001001
01111111001000111101
10000111010111100011
00000111011111000001
11100100100111100011
01000001000010010101
10100110001001100111
01010000110010110101
10101011000011100000
00010000010111110000
11110001001010100011
10010111001101110001
10011110111011101000
00101001100011100101
11001110000001101100
00110011100110000011
10000110110001100101
00111111010001000010
10000101011101101111
00100110000001010000
00011100011001011000
10010101001000111001
00011011100010010000
10100111110001101001
00111001100000110101
01011011010100001110
11101110001110001100
10111010101111111100
01101010010100010100
11001010110101000000
00001101000000000000
11000100010100100110
10101100111111110111
01110011011000111000
00010011101010001111
01011100011110011101
01101111010010000110
11011011111010001011
10000100101111010111
11110100011001011100
11000011011110010011
00000010001101100001
01011010010111100001
01011000100111110110
01011001111111110101
00010111011111000110
00101010110000010010
00001010110000100011
10111100011011001000
00000011101010111100
10011000011001011100
01000111001111001011
10101101011100100101
00001110001011011001
11011000100100101111
10011000001110001101
10010010001011011111
01000100010100110101
00011100111101011000
11111011101000100100
10011000000100101001
00010100100000101100
10001101101000101011
00001011111101010001
11000001101000001000
11101000110001100111
10101100111110001111
11001010001011000101
00010010001001110000
00111000010111000100
00111001111001100111
10010011001011100101
01110001101100000001
00110000110101100010
01011000101110001000
11110000011111110001
11011100100000110001
01011101010101000010
01110001100100011001
00000010001111000100
10011010001101100101
10001011111101111000
00011010000010111100
10001010100011100101
11101001011010110011
10001001000111001101
10000110110010000110
00011000011111001111
11010111011000101101
10101101111011000001
11000101111001011100
00110111001100111101
01111010111100100001
11111010100010110110
10001001110000010010
10000000010100000101
11011101010101011011
10001111011000110001
01001001100101001111
11010010011111001010
11111010010111001000
00010110110011111011
01000000110101000111
00111011110010011010
01101111000010111101
11001000111011001110
01001100010010111000
00110101111011110100
00001111011001000001
01001011110111100001
10010001011111011110
01110100100010101101
11011110100011110001
11001011001101100100
01001011110010000111
10010011100001110101
11000100001011010010
00100010001101001110
00001100110100010010
11011111000110011010
11100100001000110010
10000111100011000100
10100011101010000101
10100010101011000000
01010010110000011110
01010110010110011010
01100011010011011100
01101011101010001110
01111011100010010000
00000011101111000000
00000110110111100101
00011100010101011001
00100001011000110110
01101011010100011010
11101011101010100000
10110010001110100010
11011100011010001111
10101000010110101001
11010110001010110101
11010101111100110011
00101101111010101100
11101101111010001100
11110011000100101011
00101101110110001011
01011011110100000111
01010111101100010011
11010011001011010111
11010000000011001101
00110110111000111000
10000001010001001010
10010001000001100000
01100110001001110010
01011000011110101101
01101111010100011010
11001011100100001001
10001101011000010111
01000101100110010011
00100100010000011101
01101101000000010101
00111011100000001011
11001110011110001011
11010010000001111101
01000100000000010100
11101011000001110010
11000110000001110011
00111101111111001100
00000110010001010100
11111110101100110011
11111111110110111000
10011001010011110001
11101111111001010000
10100011000111110111
10000100111011110011
10101000010010101111
01010010000100011100
10110101011001111111
01011101000010101101
01110000110000100100
01010101010000100010
01001011000010110110
10010010011010010010
10001001100110010010
00001010010111001000
10010001001000000101
00001111000101100001
00011100000000000110
01110101011001001110
00010111001010000011
01001101001101101111
01100110110110100011
01100111101010011001
11100001101110110011
11000010111100010010
00110110001001110010
11010110100011011110
01111010101100111001
00001000101010001000
00000100001000010011
00101110100011010001
01101111110001010101
01000011111111111110
00110100011110100100
10100100110111111111
11100110001110110011
10000100101011101110
10110011000111011001
01100011001100101000
10010001100000011100
10011110101000000000
00111000100010000010
11110011110011001111
11110111010010100010
10001001101010010110
10000001111111111111
10110100111101111001
01001110011010101111
10000100100001000100
01011001011111100110
11110111110000000010
10010100111110010100
11011100100101100010
10000100010101100000
01010111000111000001
01001110101001100111
10110111000111010000
11111010100110101101
01000011010000101100
11000101111011100001
11000011111011100110
10110011101001110011
00101110111010110010
10010111110100001000
11011000000001010000
00011101001010110001
00100100111111011000
10111010100011100010
01001100110010011011
10001001011110000111
11011000110001110101
00000111010010111101
01000101001000110001
11001001010000010000
11001011100010111011
11000111100011101010
00000011111100011010
01010011001010111000
01111111000111101011
11101010111010011100
10100011110011001001
00101110111111101101
01100001111001110000
00000000101010011111
01101010101000100001
10111011101111101110
11010010001110011110
11101000010110010100
00111111110110100011
01111110110001110001
10010110011100010001
10100111100100111000
10011001011010111001
11001001010110011110
00111000110101001010
10000101000101000000
10101110110111111110
10101000110100110100
11010011100011111001
01010010000001010101
01011001011010100100
01000110010100001100
11111011101010000001
01000011110000001100
11101101110001000110
00111101010111111001
01000111101010111100
10010011100010111010
11010000111101110100
00100011110011011000
10011101000000001101
11101011000101000100
01000001010101001100
10011100010000011000
00111011000010110100
10000001001010001001
00010000110001110110
10010101011000101011
00101111011010100010
10101010010001000001
00001110110001111001
01101000110111011001
01100001110101111111
01010001101000110000
01110100111000001000
01011010010101011111
00001000011011101000
01001001101110111100
01011011111001110011
10111110000101011000
11100011000110100000
01010110000101111110
01010110110000011110
01100000111110101001
01110111010100001111
10010001111010111010
01001011101001010011
11111001010001001010
11011111010111111010
00100100110100011001
00110101110110101110
11100000111100010001
00010000010000010111
00000100011001101111
10100010000010111110
00010111011000101000
11110100010101001011
00011010111110100000
10010010000011111001
00110110010011001110
00101100001110000011
11010010101001000011
00100100110010100100
01100101101001010010
10100100101110111010
11111110011110011001
10000110110100111101
01101011100100100001
01001011111001100011
11111000000010110000
00101100111011111100
11111110111100011011
00011110101000001011
01101000011100110001
10001110000111111101
01101000101111111000
01111110001000101110
00010011110010100101
11110000001001010111
11110111101110000011
11110000000010101010
01011110000000111011
00000101001001111100
11011010000111101010
11010101100000111000
01100000100110110111
01100110111111010111
00100000000101001100
01110001010000010011
10111011111110110011
00110111011101100101
10010110100100010000
00100010001111111010
10110010110101011101
00011001010000011100
01000001111100110100
01011010100110110111
11010101100011111010
01001001011001101000
00100001100011011100
01110101101010010101
00011111111001001100
00000111011110011111
01100000010100111000
10111010110010101101
11011000001001010111
01110111100010111110
11110011111111101111
00011111111100100000
00100111000111100011
11000111011100111101
00101110010011001101
10011101011011100100
10111001101110100100
01011010001000011010
11001110110010101001
01101010111001100100
11011111111111001100
01110101111101011100
00110110100110101101
10101011000001101010
10001010001000100101
10010111111111010011
00001110101111100011
01100100101111001100
11000010010111110100
00100111110010010111
00001001111100110001
01100101011111010011
00011110010011001111
11101011000101000001
01110010001110111001
10100100110101100010
01001001101101000100
01101001110101101110
10001100100101000101
10010111011110011000
11000011001010011101
00100000110110010111
11110101001010110101
11011000011000101011
11111100001000010001
01001111011100101110
10110110010010010001
11001001110100100001
10001001101101111011
01011011010100101111
00111110110100010100
00101011010101110000
00110011100000001111
01100101111000100000
11111001010011001111
00000011101001101000
11001001110000110110
00100111100000111010
00010011011001101101
01010011001111001011
11100111011010011100
01011100110100110011
10110110010011100100
11010100111110101010
11001001101101000000
01001111111011100010
11101111010000010000
10011100010101000101
11111100000100011011
11111111110101100111
10110001010000010110
00101110100011000111
01010010101010010010
10001011100001011000
11011111001011111001
11010100001100011010
11001111101010011101
01000101001100100101
10001000011010010100
11011101001110110010
00111100111010010010
11110001111010111011
11010110001000011011
01000001101100010010
01100101001001101011
10011110110010101100
11110011011010111100
00100111000000101101
10010101111101111001
11010100001100011101
10110011111011011101
01101110010110100110
11111111101110001010
01001110001000100011
00110001100110100111
01110010111000110111
10111110000010001000
01001111010001101001
10000010101011010000
11011010110100101111
00100001110100011101
10010001110111111011
11111001000101010101
00111000001100100010
01011001011000100010
11111011110100000111
00010101111101011100
00011101110001000111
01000111111011011011
10110010010111010101
00001111110011111001
01001100001010010001
00011000110100101011
