1111000000000000
1110000000000000
1110101100000000
0011111010000000
1010000000000000
0000000000000000
0110000000000000
1010111011000100
1001100000000000
1001001000111000
0011000000000000
1110101001101011
0000000000000000
0110101100000000
0000000000000000
0111111000000000
1010010000111110
0011000000000000
0001100000000000
1100111101000000
1110000000000000
1111100000000000
0110011101100000
0101110111000000
1111010100000000
1000000000000000
0100000000000000
0110011010000000
0010000000000000
0010011111000000
1000110011000000
0000001101100010
1000111000111100
0000111010010000
0011000000000000
0000000000000000
1010000000010010
1010000000000000
0001011010110000
1111000011000000
0100100101110011
0111101010100000
0000000000000000
1011000000000000
0011000100000000
1101111100000000
1101011000000000
1101100111000110
0000000000000000
1000000101010000
0100000000000000
1010110101100010
0010010110011000
1010000000000000
0000000000000000
1011101110010000
1111100000000000
1111000000000000
0000000000000000
1000000000000000
1010010100000000
1100000000000000
0101010000000000
1010111110011000
0101000100000000
1101001100100110
0000011110000000
1011100000000000
0010100101000000
0001101010000000
1001000010000000
0111000000000000
0111101101000000
0111101100000000
0011110100100000
1101101110111010
0000011000000000
1101100000000000
0011100000000000
1001100000000000
1100000000000000
0011111000111010
0001001101001100
0000000000000000
0110000000000000
0100000000000000
0001111010011110
0001110000111000
0101100000000000
1011000000000000
0010000000000000
0101100111110000
1101100000000000
1110000000000000
1100010001000000
0000010000000000
0000000000000000
1010100000000000
0110001000000000
1000000000000000
1100000100000000
1000100000000000
0010000000000000
1010001111101000
1100000000000000
1111000000000000
0011000000000000
1111100000000000
1011111001000000
1000010000000000
1111100110110000
1010000101100100
1000000000000000
0101110000000000
1110101000000000
0001000000000000
1100110111000000
1010001000000000
0000100000000000
1110000000000000
1000011110010000
0110100100000000
1101001110000000
0111011100110001
1010001101011100
0110000000000000
0010111100000000
1000001111100000
1011101111000000
1100111101011000
1100010010000000
1100011100010000
0111101110100000
0000010100000000
0100000000000000
0000000000000000
1101101010101000
1000100110000000
0001000001000000
1001001100001000
0000111000100000
0101000000000000
1010010101111000
0000111000001000
1100100000100000
0110101111110000
0101010001000000
0010100000000000
1010000000000000
1000000000000000
1000000000000000
1000111111111000
0110010000000000
0010101001000000
0100101011000000
0010010001110000
1010011110000000
1001100101000000
1100000000000000
1000000000000000
0100000000000000
0001001110111010
0111000000000000
0111110100000000
0011011011010000
1011111111001000
1111100101000000
1010111000000000
1000000000000000
1000000000000000
1111011000000000
0000000000000000
0100000000000000
0100100101110011
1010000000000000
1001110001000000
1011110110000000
1000011110000110
1110101111010101
0100001010100000
0101011000000000
0110110000000000
0101000000000000
1001000000000000
1000000000000000
1100000000000000
0011010110000000
1011001011000000
1101111000000000
1110000000000000
1010100000000000
1101111101111001
0111000100000000
1000111010100110
0000000000000000
1011010010010100
0011110000000000
1010000000000000
1001110000000000
1110111010010000
0111100100000000
1010100000000000
0010000000000000
0100000000000000
0100110000000000
0111111000000000
1100000000000000
0100000000000000
1100000000000000
0010001000100000
1110100000101001
1111001000000000
0000000000000000
0000100010100000
1011111010000000
1000000000000000
0100111010000000
0111110101110111
1100000000000000
1010000000000000
1101111100000000
1001000000000000
1000100000000000
1000000000000000
0100000000000000
1001110101000000
1100011010100010
0100001010000000
0010111100000000
0111000000000000
0101111110000000
0011001000000000
1111000111100000
0001011101000000
0000000000000000
0100010101110001
1010000000000000
0111010001111000
1101101110000000
1100000000000000
1000000000000000
1000100011001011
1010111100000000
1100111110000000
1001100000000000
0101001001000000
0000001111000000
1101000000000000
0101010000000000
1100011111001010
1110001100001001
1110101010000110
0011111010100000
0110000000000000
1001000000000000
0000011011100000
0011000110001000
1110111100001110
0000001000101100
0101010111011010
1000000000000000
0011100000000000
1000000000000000
1000000000000000
1010000000000000
1101110000000000
0001110100000000
1001100000000000
0100001111000000
1110100000000000
0001000000000000
0100000000000000
1100000001000000
0000000000000000
1011101111101101
1000000000000000
0111000110010110
0100100000000000
1110000000000000
1000000000000000
0011000100010100
0001101001000000
0101000000000000
0001001000110000
0010001000000000
0011100110000000
1010010101000000
1000000000000000
1100000000000000
1010101101000000
0111011000001110
1100000000000000
1100000000000000
1101001110100000
0100000000000000
1100000000000000
0001110111111100
0100011000000000
1000001000001000
1001101011000000
1100000110000000
0011110111100000
1001000000000000
1110010100000000
0100000000000000
1110110101101000
0110001000000000
1001101000110000
0000000000110000
0100000000000000
0100100001000000
1010100100000000
0101110000000000
0000110010010000
1101000000000000
0010010101100000
0000001001000000
0101000011110000
1111100000000000
1000000000000000
1111001000000000
0000000000000000
1000000000000000
0111010000000000
1110101010000000
0101100110000000
1011100000110011
1101000101100000
0001000000000000
1011000000000000
1000000000000000
0100100000000000
0000010001110011
1110001001100000
0110000000000000
0000000000000000
0111110011011010
1010000000000000
0011100110110100
0011100000000000
0000000000000000
0100000000000000
0000100000000000
0011100000000000
1100100010101101
1110101100000000
1111011000000000
1000100000000000
0100000000000000
1100110010111100
1101001000011010
1100000000000000
1110000000000000
0101101100000000
0100000000000000
0100000000000000
1101000000000000
1010100000000000
0001000010000000
0110011000000000
1101001101000011
0000000000000000
0011010100000000
1000000100110100
0110010011001000
1000111101101000
1001000000000000
0001001100000000
0001111100000000
0010000111000000
1100000000000000
0111100101000000
1010000000000000
1111111010000000
1101111100000000
1100000000000000
1000000000000000
1000000000000000
1111111000000000
1010000100100100
0001011000000000
1000011000010000
1001110000110000
1010101011000000
1011011101001010
0100110011010000
1111111010100000
1011000100000000
0110100000111000
0110111001000000
0000010010111000
1100000000000000
1101100000000000
1110010100000000
0100011001110111
0010000000000000
0101110000000000
0000000000000000
0011010100000000
1010000000000000
0110000000000000
0110101110101000
0001000111101101
0000101011101100
0110000011000000
0101111000000000
0110110000000000
0100000000000000
1111110000000000
0011101001100110
1011101111000000
0100000000000000
0111100101010000
1100001111100000
1000000000000000
0100000110000000
0000000000000000
1000000000000000
1000100100000000
1011000000000000
1011011011110000
1010101001110000
1000101100000000
0000000000000000
1001001011111100
0110110101011100
1000000000000000
1100111010000000
0100011010001010
1010010000010000
1001110000000000
1111010110101110
0101101100010100
0000000000000000
1000000000000000
1101001101010000
0000000000000000
0110100110000000
1110100000000000
1000110000000000
1101000010000000
1011000000000000
0101110110000000
0100100000000000
1000000000000000
1100001101100000
0011111100000000
1000000000000000
0011100111000000
0111001010010000
1000000000000000
1010101111011000
1000000000000000
1111101001000000
1010010101000000
1100011101000101
1101011111000000
1001101100000000
0110110000000000
1100011111101000
0111010111010000
1111011000000000
0101001100100000
0001000000000000
0110010000000000
1010110101111000
1011110000111000
0000000000000000
1110000000000000
1000111100000000
1011101000000000
1000000000000000
0101100000000000
1000000000000000
0111000101011000
1011001000000000
1000000000000000
1100000000000000
1110000000000000
0110101101000000
1011100000000000
0101010000000000
0110000000000000
0001001000000000
1010111101100000
0000000000000000
0111000000000000
1000000000000000
1101100110100001
1111111011000000
0110111000011011
0100000000000000
1000000000000000
1010111000001100
1010101011001100
0011100000000000
1101001000000000
0011000000111000
0011000010000000
0000110101000000
1000010010101010
0011110000100000
1000000000000000
0110100100000000
0011110001000000
0100010010100000
1011000000000000
0000000100000000
0001011001010000
1111000000000000
1011100000000000
0100010100000000
0100010010110011
1100111011000000
1100111010110000
1000010010100000
1100100000010001
1000000000000000
0010000000000000
0100110001000000
0101110000110000
0101010000000000
0100100110100000
0101100010100000
0000000000000000
1100010000000000
1111111011011110
0010000000000000
1100000000000000
0011111101101100
1011011110100010
0100000000000000
1100001001100000
0100011001010000
1000110001000000
1110000110011000
1101100001000000
1100110110000000
1110010000000000
1101101110100100
1000000000000000
1101100000010000
1001010110000000
1000000000000000
1011100000000000
1000000000000000
0110001110100000
0011000000000000
0111100001111110
1000101110000000
0101001000000000
1100000000000000
0011101110000000
0100000000000000
1001010000000000
1100000000000000
1100111110000000
1110100000000000
1101100000000000
0000111000000000
0100000000000000
0011010011000000
0011011110000100
0111101111000000
1011100010100000
1011011110100000
0101001101001101
1000110111100010
1110000000000000
0000000001111000
1111010111000000
0111110010101000
0010111101011000
0111011100000000
1100000000000000
1100101100000000
1000110000000000
0010100100000000
0110101010101000
1000111000010000
1101100000000000
1010000111000000
1010101000000000
1000011011000000
0100000000000000
0011110000000000
1001001101000000
0111111111001100
0010010000101011
0000110101010101
1000011000001000
0011001110111001
1100111010000000
1100010010000000
1001100000000000
1010100110000000
0011100000000000
1010010100101110
1101001100000000
0011111110000000
1011011101101000
1011011100110111
1011000011000000
1111000000000000
0111000110111000
1100001000000000
0101101110000000
1011010000000000
0110111101010000
0000101011000000
1001000111011000
1001010000000000
1101010001000000
1010000000000000
0011010110000000
0011001101001000
1010000000000000
1111010000000000
0100001000000000
0111001000000000
0000000000000000
0110011000000000
0100000000000000
1110101010100110
0001111010011111
1011100000000000
1100000000000000
0100001000000000
0000000000000000
1111101101111010
0101010100000101
0000000000000000
1100000000000000
1101000000000000
0110111011010000
1110011000000000
1100000000000000
0011000110000000
0101010000000000
0010001010000000
0010001100000000
1111000101000000
1011001110111000
0010010000000000
1100000000000000
0010000000000000
0100000000000000
0111101110000000
1110000000000000
0000000000000000
1101101110000000
1100100001000000
1100100110001000
1010110100110000
0011101100000000
1111000000000000
1101000100101000
0100000000000000
1011111101001110
0001000000000000
0001100101010000
0100100100111000
1110001000110000
1110110011001111
1001100001110000
1010000000000000
1001110011001110
0100000000000000
0001110000000000
1110000000000000
0100000000000000
0100000000000000
1011110000101100
1110010111110000
1000000000000000
0110000000000000
0011000010000000
0110001000000000
1000000000000000
0000100000000000
1001001100100000
1000110110000000
1010000000000000
0100011011100000
1001000000000000
0110111100110000
0001000000000000
0001110110110000
0101111011100001
1001010000000000
0111011001000000
0011010011011011
1010100000000000
1010110100000000
1111110011110000
0000000000000000
1100100110110000
0011010000000000
1111000000000000
0111000000000000
0010000111000000
1111010000000000
0100010011110000
1100000001000000
0011000000000000
1110100000000000
1011000000000000
0110110100011100
0100000000000000
1010100000000000
1100101100101100
0000000000000000
1101100000000000
0110011100000000
1000110100000000
0100101110000000
1111000000000000
1100000000000000
0001110010001111
0110110000000000
1111010000001000
1011100100110000
1011100111101000
0000011011110000
0111000000000000
0000011110100100
1001010101010000
0011000000000000
0000110100000000
1000000000000000
1011110000000000
0100111111101000
0101010000000000
1110100110000000
1000000000000000
1100000000000000
1011010101111100
1001001100000000
0010111000000000
1011000000000000
1110010100000000
0001100110110000
0110111110010000
0111011111000000
0000000000000000
1001010110000000
1010000000101000
1000000000000000
0101000000000000
1111000100000000
0101100100001001
1001100000000000
0101111000111001
1010101000110100
0101111001100000
0101100000000000
0111011110000000
0111011011100000
1010110110000000
1100111000000000
1001011111100100
0011000000000000
0110111000000000
1110000000000000
0000000000000000
1111000000000000
0000000000000000
0010101000110000
1011100000000000
0111011011011110
0100000000000000
1110010100010000
1001000100110000
0000100001100000
1000010101111100
0111110000101100
1001011010000000
1000000000000000
0110110010100000
1100000000000000
1100100000000000
1011000100000000
1111010011100000
1000000000000000
0000111000010000
1000011000000000
0000000000000000
0100000000000000
0110110010111000
1100000000000000
0110100000011100
0101110010100000
0000000000000000
0011001010000000
1111000001111100
0100000000000000
0101000000000000
1101000011011111
0111010010111001
1001111011100000
1000000000000000
0111001101010100
1011110000000000
1001000000000000
1101100011110100
0011001011100000
1000101011111000
0010100000000000
1000101101010000
0111001111000110
1000110101110010
0011101001001110
1001000010110000
1000011110100000
1000100110111000
1001011011100100
1101000000000000
1110111001101000
1100010000001000
0101101110100100
1111011011001011
0010100100110000
1011010100000000
0111000000000000
0000000000000000
0110000000000000
0110011010111000
1000000000000000
1000101100000000
0100000000000000
1011010000000000
1110000000000000
1111110000000000
1110100000100000
0101001111110000
0100000000000000
0001101110010000
1001011111000110
0110010000000000
1000000000000000
1111010000000000
1111110010000000
1000101000001001
0000000000000000
1111011000000000
1110000111000000
0110111101101100
0100001110001000
0001111100001001
0010111110100000
0010100010110000
0001100000000000
1010010000000000
0000000000000000
0001100010000000
1000000000000000
1011000000000000
1000001100000000
1100000000000000
0100100101011000
0001100011101000
1000000100010000
1111110000000000
1100000000000000
1000010000000000
1110010000000000
1000000000000000
1101011000100000
1010011011001000
1000000000000000
1100010010000000
1100000000000000
1000101110000000
1100000000000000
1111000000000000
1000000000000000
0000101100000000
0011111100000000
1110010100000000
0111001000000000
0100000110101101
1010010000000000
0101000000001000
1011100010100000
0000000000000000
1110111111000110
0011011110011000
0100100101010000
0101000000000000
1010010000110010
0001100100010000
0000000000000000
1110110011100000
1010110010000000
1111111101000000
1000000000000000
0011011100000000
1000000000000000
1000000000000000
0101111110000100
0001001000000000
0000000000000000
0100101010010000
1101011000101010
1111101111000010
0100101110100000
1111111100000000
0000000000000000
1001100000000000
1111101111011000
1011000000000000
0010100000000000
1001100000000000
0001000000000000
0111000000000000
0000100111110111
1101010000000000
0101001101000000
0100000000000000
1111010000010000
0111100000000000
0100011100000000
0111001100101010
1101110000100000
1001000000000000
0100000000000000
1100000000000000
0001110000000000
0110100000000000
1001101010010100
0010111110010000
0011110011010000
0000111000000000
1000000000000000
1000011110000000
1100010100000000
1100000010110011
0000000000000000
1111100000000000
1000000000000000
0000100101000110
1101100000101000
1100001111010100
1001000000000000
1010000101100000
0101010010011110
1000000000000000
1101111000000000
1000000000000000
0000111001100000
1011000000000000
1000011110000000
0110010100000000
1000000000000000
1111110010000000
0000011111010100
1110101001100000
1001000000000000
0100000000000000
0111000000000000
1111001000000000
1110000000000000
0101110000000000
0111000000000000
1010000000000000
1011101110000000
0110111000000000
0010100011000000
0111100000000100
0000000000000000
1101001011001100
0000100000000000
1010100000000000
0011110111010111
0100110110000000
1101111100000000
0001000100000000
1100000111000011
1111101100000000
0011000010000000
1000000000000000
1000010001010110
0001001000000000
0010100000000000
0000010000000000
1010111001010110
0000001101000000
0000110101110000
0000000100101010
1000000000000000
0100000000000000
0010000000000000
0010110000000000
0010000000000000
1101110000000000
0100001110000000
1000000000000000
0101111000011010
0011000000000000
0011100011010100
