00101111011111111100
01010101101111111101
11110011101011000110
10010110011111010111
10000111011110101100
00010001100110001110
01100100100110111101
01101011101100010010
01100010111001101010
10100100100011100010
10101100011000111100
11101010011010110000
10000000010101001110
11111011011010111000
11011100110101101111
01001000011111101000
11010010000111110001
10001011000000111100
00011011000000111011
11010110011110100101
11011011100001111101
11101111001111101010
01100110011101100100
10010111011100000010
00110011111010100111
00100110001010011111
10001010111000011110
01011001101000000010
10100001100010001010
10010011111000000001
01001110001100110110
00000011011000100000
10100011100011110010
10000001110100100011
10100110100011001010
01100110111101001111
01010000000010010001
10101011011001011101
11000101101011000010
10011110000110000011
01001001011100110000
01100111101010100100
00001110100000001100
01011111000101101011
00110101001100011000
10011011011111000110
10010100111010111001
01101100111000110001
10011110010111001111
01001000000101010100
01010110101010011110
01010110101100010001
00010010110011000001
11111111010000000111
11001010000110001101
00101110111001000010
11010000110111111011
10111101010111101011
11010010000101101111
00011001101110011111
01110001101001011000
01011010010110001011
00010010010101001000
01010101111100110011
01011111010100011000
11010011001001100000
00101100000111100110
11000101110111001001
10010100101001010110
11111000110101000101
10110010010000100110
11001110110001111100
10100011110110100101
00011001011110111000
10110011110100100100
11011011101110100000
11100100000011000111
00111111011101101010
01101111000111001001
10001000001100111011
11001010011011001100
10011111000111010001
11000100110100110010
11011011001011001110
01101101100001101100
01111101001010001011
00001111010011110001
00000011100001110011
11001100000101101010
10111001011110111100
11001110010100101100
10010110011111000010
00011111101101101010
11010000111111111101
01100011000100010110
01011111000000101001
01100110011011101111
11100000111101011011
11101110011000101000
11000111101011011111
00001110110000011000
00110111111100011011
11100000001010011101
10110100011111010011
11110011001110111110
10100010101011111100
01101111100110001001
10100000011111001001
00011110111110010110
10010100101000011010
01011111100110110100
00101000010110010010
00011000101000001010
10101111000101111010
11111000111010101000
01011001100000011100
00010011001101110110
11111010110100011001
10101000010000000101
10111011000111001011
11111000011110010100
11000000110100100111
00111001101001110111
01110111001100010000
10100011010111000000
10000001100011001011
01001100001011111000
11110000011111000011
00011010111011110110
00111001111010110011
11100101100010010111
01101100011100010100
11000111101110100100
10100010000001011000
00011011110001011110
11111000111111001111
11110110101010100010
01011010001001100110
10000000100000100101
00100100110000100010
01100001110001000011
10110101001010001001
01110100101011110011
11000001110000010011
11001000001000000000
00001101011111100011
10101010101000100101
00010110100001011011
01101010001010101100
10011000000000000100
11101010000100111111
10110001111111110011
00001110000110011010
00110100101010010110
10100001001010110110
10010010001110000001
11011111010011110111
11001010011001010110
10111011101100111110
01101101111010001100
01001000101100101101
10001001110111010001
01100110011100001000
00111001111101000110
10000110110110100011
00110111111110010011
10111111001010000011
10100011010111000111
11001111110100101110
11101110101100001011
11111101011110111001
11111100110011001111
01001010010010101101
01001001011100110000
10001010111001011101
11001100111000100101
11001011011110110111
01000011110000110001
11101011110101010000
01010100001010100100
00101010010101101000
01101000100110111010
00111000000010101011
10111001001010011100
01111111110001011111
11101011101111111110
11001001101011000101
10010110010110000011
11110010011011111001
00000101001110001010
01000101011010101010
11011111011110010000
11111101011100011000
11000111010100110001
01100011001101001110
01011010010010100001
11101110011110000111
01001100000011011101
10010100111000000101
10101110111010010100
10110001011110011000
00010010010101011011
00010110111000101100
00100011001100011110
01001111010011001000
11100111001111111001
01010000010001111110
11110110110101001100
11011111000101101101
00010001000100010101
11101000001010010000
10011000011110011001
10011000011000101111
01000000010001010101
01001011111010000100
01001110110101011111
11101100100111010111
01111101011101110000
10110011111010111110
00101101010110101100
00101010110111111000
00001101101100101011
00101111010001001001
10111110100100111111
00011010010110011110
10001100111010100101
01100011010100010001
01010100001010000100
11011100001011111000
01011101100011101011
01010010111111000101
10000000001100101000
10101111000111100100
00011000101110100101
00110010110010101111
01000101011100010000
01110110010101011101
10011101000111100010
01011111011011100110
01010110110011111110
00101100101111001101
10001000110010110000
10111111010111100111
01100011100111110111
11001000010100111011
01000010100100100101
10011000000011110110
11011000111101001010
01000001110101011010
11000111110010100000
11100011000010010000
11110101010000110001
00010011111010100100
11111110101101101100
10010010101110011100
01100000011011100100
10001100011000100010
11110111100001110001
00000001000101100001
01010101110110100000
01111001101001101110
00110110110001111011
10111010001001101110
00011010000101111111
00001111111010001010
11000100110111001000
10101010001110100111
10000110011001101010
10010001000011110110
01100011110111011011
10100100100000011100
11101110111111011110
11100011000000010110
01010101000000001010
10111011111011010000
01111110110000011111
10111000110010110001
11110110110010011011
10011100100111101100
00111110000110111111
01001100010001010010
00001000110100100101
01011110000101011100
10000010010001100011
10011001100100011001
01100100011100110111
11010101001010100101
10110011001100001011
00111100001101111110
10101011010000000000
00111011000001110001
00100101000111001100
00100000100100111110
00110110100111010101
00011010110100101101
01110010011011001100
10001110111111100001
00110101010001101000
10100000100000100010
00010010011010110110
10111000001100000011
00011001111011110101
10100111001000000111
10000000111001011000
11001001010101011110
01111101101011010011
00101101100010000110
01001101000110000001
10000000000001100011
11000011111010101101
10001001001000010110
01111010101010011000
00101000010111001000
01100001100100100011
01101010011010001001
00000010010101100100
11110100000010010110
11110101000011110100
00011111001111111011
10011100111011011111
11000001111100101000
01001101111101001110
01101101000011011111
00010110101110101001
10001101110101010111
00111001011001100110
10111000001100110000
11111101000101100100
10101000100000011100
10110100001010111100
10100101011010001100
11010011110100101010
00000100011100110000
01111100010011000011
10001001101010111101
11000010110000001010
10111110011011010001
10000111011101011101
01001110011011010010
11000101011001111011
11011111101110001101
01101000001110011110
01111101010000011011
00101000100011101010
11001000101011010000
00111000111010111000
10100101111110111001
00101100111100011011
00010111100001001100
01100110010111100001
01101001000011010001
00100110010111001100
10000000101001111101
01111100010110111000
10100010001001011110
10001110001010101101
00111101000110101011
11110110111101011011
01110000010000100110
00110001011001101000
11010011010000110000
01000010111100001101
01011000110101000110
01000000100110100001
10110010011001000001
01010001111011010011
01011100011110011100
11000000100110000101
11001101000111111000
11101100100001110110
10101000100011111110
10010011110010100101
00010011011101011101
10111111110100000011
10010001101111100111
11001110100001101101
10000100101011001101
00101111001101101110
01000111111110000110
10101000010010010010
01000100010110000110
11111000011000010100
11100111000011000010
00110101010101100101
11011011101001010001
00100100110011010100
11111111010100000001
01110110101100011000
01101101000001110011
00110111001000000001
10000000100101110011
00101101001110111110
11111101100000000100
11110011111001011000
01000110011101110000
11011001000100101100
11101011000101111010
11110100011001101111
01100110101000000011
11010010010011011101
01001001010110001010
00110101110101000001
00010001111011010000
00000101011101100001
10101011000001100101
10100001010111101000
00110101101100000110
01011110111101011110
01101101111111001000
10011101001100110001
10111010111011110110
00100011011001011110
01010111100101010100
11011000011111000011
10100011100101101110
11100010000011000101
10011110100001001111
00101101110100101110
11100010010000000010
01101111111101101011
01001011011011110100
01001010101001110100
10011111000101100111
10100001001010001110
11001001011111100001
10110110101011100001
10101011110011111111
11100111100111010111
00100011010001010001
00011010010000010100
10101011110011101001
11110101101011100000
01010110110001010010
11011001111110001101
11001000101100011111
10011101001101010100
00110001100000001001
10000000110100110111
10010001111111011011
00110000010001101001
00010111010000100110
01000011111101101011
11010010111011000101
10001111110100101010
10000111011101111111
11110000110110000010
10001000011111100111
11000100001111101110
00001100111001110110
10111001010010000001
01101111000011111111
00101010111101100010
00110011000101011111
11010111111010010110
00001110100101010110
11000111010001010000
11000110101111100101
10100101001101100111
01101001011011001000
01100011111101000001
01011101011101000010
01010111111101101000
10110010100110010101
11010000100000011100
10001100100000000011
11010101101011110011
11011110000111000001
11111100001101001111
10011110101011111101
01000001000111100111
01001000010111011001
01011011010110011111
01001100001010111011
10001011010001101110
10101110001010110011
11111111011001000111
11001100100110111111
00001100110011101101
10001101100111111101
11010001101011010110
00111010011101111011
11011000100101011010
00000101000010111101
10110011000100101000
10010101111011000011
11001111010100001110
11110100011011101011
10101000110000111111
11011001101000010000
00011111110110000011
01101110000110110000
01111101100001001100
01111001111011011111
01010111000001100001
10101010101100110010
01100110000001111011
01011101001000000100
00001100000011100010
11110100110000100110
11000100001101010110
10000100101010100000
10110011110000100100
01001000011110001100
00000011011010011000
10001111000100000010
01001010001001010101
01101001011010111100
10111000000000100111
11010001011001010100
00011011100011111100
00110100011011101010
00110100100010100111
01000100101100110000
00111111001110110110
10011100111010110100
00100100001001010101
11001000000100010000
00101100101111011111
01001101011010011101
11111010011000100101
01001011100001100011
00110111010101011010
01000010010011010101
11110101100010100100
11011010001100001111
00011111101100011010
11111111011011110001
10111000110100101100
10010000101001111110
01001111110110110010
10110111101000100000
00000110011101001100
00010110000100110101
11001000110010100011
00010100011000100101
01111100001100110011
11001011011000010110
01000111100110110111
10000000001110011010
10110110111010010010
10101111011011011111
11011101100000010100
10000001001010110111
01010011000010111111
10111001001011101010
10000001010100001011
01000110001110100100
00101001000100111100
10111100001111110001
10111000101110000100
11101010001010011001
10001000111001101101
01010010011101110111
01000100110100011110
01101011111001011010
10010000010111001100
11011001111100000011
11011110111010001000
00010001010110111011
11101001000001111001
01100001100101011110
10000000110100110110
11001101111000010010
00101101111011110110
10101011100010100100
10011011011110100100
01010011010011010000
11000110111100010001
11110111001101111101
10000000000011110011
11111110101110000011
00011111001010100010
10010111101011000001
00001000011101111000
11100011011000111110
10000001110010111000
10110001010001101001
10010000101001000110
01101101010101010011
00100011100001000010
11001101101101101010
01010010100001110110
11011000010101011001
01111010000110110110
00111011011100011110
01001111010011111010
00111010010011010110
00111111111001100001
00100100001010110000
00001101010101010000
01000011000001000001
00110011101110010000
11111111100111010111
01011111100010010111
11000010011100111011
10101010100110000100
10111100110001111011
10100101001011100000
11110000110100111000
10101001111111000101
10101101110110100010
10110111001101110000
10001010110000110110
11001001001111111100
10101110001101110011
10110010110000101000
01011100101101110111
10101000010110101001
10110110111101010100
11110100001010110110
10100100011101100010
11100001001010000111
11010110101000100101
01010011101001011101
10010011010110000100
10011001101001000001
00100110100101011101
10101110111101001000
00001101010000101000
11101011100100000101
11001101111001001110
00110011011001101000
11100010111010001011
11110101010100110001
00011110100111110000
00010111011101111011
10001111010001111110
10001001000010000110
00111101100100001101
01111101101111010001
01010101000001010000
11101100011111001110
11011110101010111110
10111111110100001000
11110110111011010100
00001110111100111001
10110011011011001100
01011000011000110111
10010011001010101001
11001100010001010111
00011010001000111000
11110111110001010110
01011001110111000001
01111010110010011010
01011101100101111110
10011001111100101100
11001110111010101101
11000000111101110111
11000101111110001010
01101100000001001110
00110110111000000010
11010110010000100101
11110010011000100010
01001010110100110100
10011111001110111000
11110100001111001010
00111010001001010011
01011101100101001100
10111111010011100000
01101100011100011100
11000110010101000010
11001001001001110011
10111000100011000010
11101100110011110000
10110011000011100011
11001110000011011101
11001110011001110001
10000101001110011110
01101111100001111010
10011011011011111101
10110001100010001011
11001001111010011110
00101111000010110010
10011110010111110100
10101100000110111111
11101111110010111101
01011000011000010111
01110110011000101000
00000100100000111111
11011001010000011011
11100100110010000010
11110100011011000101
01000001110110101100
00111010001101110101
10110001111001001010
00101101111001100011
11000001110000011100
01110001110110110100
01011110111000010000
01001101111001011010
10001001110110010110
00110100110110110000
01011100000101011011
10010111010110100111
00101111110011110100
11010010011010001110
00011001001101100011
10011010010011011010
11001000000011111100
10110100101110001001
11100000100001110110
10110011011111011010
11000100010011110100
01110110000000100101
01000011101000111100
01001100101111011011
10100100101101101011
10110110100011100001
00110001010001001100
10011010110101011011
01110010110010110010
01101000011010101111
00000100001110111011
01011110110011100111
10000101000110100111
01011000100101110111
01000101001111001010
00101010110111001100
00011100100011110000
10101110010110111010
01111101000000100010
01011011100100110100
00110111001111010011
10000000011011110100
10101101010011101011
10000011110100100001
00011001010101010100
10110000100011001010
10011110000011011000
01101110101110111111
11010010101111001000
00100111111101000001
11100111010101011010
01111011101001100110
10001100110101001101
10110110100101111110
11011010101111100001
00001001001001100111
00111100100101111001
00001110110101101011
10011111001010000101
00000110011011000010
11100110111110010100
11100001110111110110
01000111011100001101
11111001001010110111
10100000001010000000
00110111000010011111
11101101011010101011
01010101111000100111
01011001000010010000
10111000100110001000
01011110001110010000
00101010100011010010
01110010111100110101
00110111010010111011
11010100111011110111
00001011101101110101
00100111010110110111
00011110110011101000
00100101111110010010
10110010011000000111
10010011011011101000
10111010011001111101
10000100100010101111
10001100101111101011
00010101011000001111
10000101010001100011
11111010101110001000
01110110110111100000
00011001000100011110
10101110010100010100
10001001000100110100
01111000010000110101
11000010101111100001
00011111000010110010
10110111001011010111
11010010101101001101
01011011011001010101
11101010111000111110
01111100011001001001
10100101100010000101
11001111101001110101
10101100011100001011
10110000111000010100
01011000110000111001
01011110010101001110
01000001001011011110
01011011001011100010
01100010101000111110
00110100000011100001
00100101110010100100
11000110111000001110
10001010011001010111
11111100000111110010
10101100101010101101
11100100000010101011
11010000110111110000
01110100101110010000
01011001111011100100
00011001111111111111
11011100110101010010
10011110111100000110
11010011010010011100
01101100011110100001
11100001100101110101
01010001010111110011
01101100000001011011
01101000101101010100
00111001111000110001
11000110101110010001
00111010010011100000
01100100001011000010
01110100001111010101
10110001001101110011
11001011011100100001
00000001001101001010
11110111001101000001
10110001000000100010
00101101110100100001
11110110110010110000
10100010100100110100
00001110101101011000
01000011100111001010
10101011010101101111
01010111001110111101
11101100110101110011
00010110100010001100
01001000100010111000
11101101011011011110
00010011101011011010
10000001011011101100
00110101011111111010
11010111010000010101
01010100111111000010
11100011011010001011
10100011011100100011
01001011111000110001
11111001100100000110
11110100001011111111
00010011101111011010
10011001111110010111
10001010000010010000
11010110010000001111
11110111110110000110
01001111100001110110
11011011110110110010
11101000011100010011
00011111000010010000
11000101111101000011
10010100010110000001
01101111110000111011
00101110101010011010
10001100001111101111
11010010001100010111
11110111111110111111
01100010101011001010
10001100000110000101
01110111001111111110
10010010010101100010
00000011000111010011
01011000000100010100
10110011111111111010
10001101011100111110
11111011110000101001
11011011101110011010
11000001100101001101
01111010110001000011
10100110110010000000
11000001011101101110
10101001100010010111
10001010010011001100
00100100010111000101
10100111110001111110
11010011011111001010
01111010111100011111
10110100001011000110
10111010001111111000
01101011110010100111
01011111001110011001
01000001101011010000
10100101010010000111
11001010000000010011
00100101110001010101
10001111100000001111
11101111110001100000
00001101111001100010
10110100100101010100
11001001011001011100
01010010000110010001
10001100100010000001
01000110100000001010
10011110110011100100
00111110101100100110
10111011111111010110
10101010110011011111
00001101110000000010
00101000000111101110
01100011010011011111
10101111110000100001
11101110001001000111
10100001001100001111
01001010100100000000
11101011000101010001
11111101111000010001
01010010111010000010
10001111111110000101
11000011100111001111
11000111110011001001
10111111011110110011
11010111010101101011
01000101100001011011
00111011011100111011
11111011000100001000
01010100101110001001
00001001111101110000
00110001111101011010
01000101001101000100
00101100111110101101
11011111010000010100
11110010100111101010
11000111010001111000
00111001100101010001
01011101110000100100
11110001001000000111
11000110111111011110
11110100010101111110
01010000000011101001
11000101110011011011
10100110101001010010
00010111110010000001
00111100110100000000
01000100001110000110
00001100111111111111
10100101000011110111
00001011110001011000
11000000101100110000
01100111011101101111
00010111101111101010
01011001111111111111
00000100101000110001
00011011000001010011
01110000111101010010
11111111110010011100
01101101000010110101
10101010010011110001
11000000101110011111
00011111110111101000
01110101000011011111
01010000011100110101
10011100101101101011
00111111000011110111
11010110110010100111
11011010110110101110
01101111110010000100
00000001111101010010
00011101010011000011
10000101010110011100
10000100001010001011
00011011110001111100
01100000011110011001
01001110110011101100
10000000010111001000
01110100011100001000
01010010001001011101
01111011011101110111
10111001001101111001
11111100101000110110
11011110000000010010
00100101100010001101
11010010110011000000
01001101000010001000
11010100101101011011
00111101110101110000
11111010011011000101
11110110110111111000
01011000010001000110
11000001110000110000
10000011111110111000
11100000110000100110
00111000001111101110
01000010001010110001
00101001000010011001
00010000010010101010
11101011010000011010
11010111001010110001
10111000000110100101
01100001101011100011
10000000100101010001
01110101001101001101
00001000010001001100
11110100101110011101
01100001100101101001
10001001100010001010
00010111111101111010
01111110100001110111
01101010011100001011
00101111000011010001
00101011010000111100
00001110001101010010
